26.01.2022	Weißöl/LuftZeit	TIT-01b	TIT-02a	TIT-02b	TIT-03a	TIT-03b	TIT-04a	TIT-04b	TIT-05	TIT-06	TIT-07	TIT-08	TIT-11	TIT-13	TIT-14	TIT-15	TIT-16	TITC-1	TITC-2	PIT-01	PIT-02	PIT-03a	leer	PIT-04a E+H abs	PIT-04b	PIT-04c	PIT-05	PIT-06	PIT-07	PIT-08	PIT-09	PIT-10	PIT-11	PIT-13	PIT-14	PDI-04 [Pa] 	leer	PDI-01 [Pa]	PIT-03b [Pa]	FIT-001[m³/h]	FIT-002 [m³/h]	FIT-003 [m³/h]	FIT-004 [m³/h]	FIT-005 [m³/h]	LIT-001	LIT-002	LIT-004	TMMP-1	TMMP-2	PMMP-1	PMMP-2	M(MPP)	n(MPP)	LIT(MPP)	M_dot (FIT002) [kg/s]	M_dot (FIT005) [kg/s]	eta_th	eta_vol	alpha	Vestrichene Zeit09:30:08,500	20,274	23,638	23,511	-24,933	23,209	-0,001	24,785	23,664	22,530	23,051	23,257	-24,905	23,042	23,666	23,055	23,109	15,238	17,472	1,002	-0,055	1,009	-5,019	-3,993	0,081	-4,993	8,426	1,062	1,703	1,062	1,278	1,067	1,024	1,068	1,067	-15001,368	-2498,994	-63,412	0,968	0,914	9,895	0,000	0,027	9,661	16,548	41,521	23,465	23,403	23,538	1,034	8,973	112,647	1004,386	-25,010	2,336	2,281	NaN	0,542	0,000	0,000
09:30:09,000	20,272	23,611	23,493	-24,980	23,101	-0,001	24,651	23,633	22,545	23,055	23,288	-24,906	23,064	23,617	23,033	23,038	15,281	17,503	0,995	-0,054	1,007	-5,017	-3,998	-0,006	-4,993	8,437	1,052	1,692	1,070	1,276	1,071	1,025	1,070	1,075	-15001,473	-2499,464	-63,201	0,956	0,959	9,871	0,000	0,021	9,651	16,519	41,496	23,440	23,378	23,617	1,068	9,027	112,725	999,770	-25,015	2,331	2,279	NaN	0,539	0,000	0,468
09:30:09,486	20,216	23,600	23,496	-24,925	23,139	-0,001	24,746	23,658	22,499	23,057	23,285	-24,943	23,028	23,645	23,059	23,133	15,239	17,451	0,998	-0,048	1,007	-5,016	-3,991	0,013	-4,991	8,444	1,069	1,720	1,067	1,280	1,066	1,028	1,078	1,057	-15002,146	-2498,572	-57,650	0,962	0,948	9,875	0,000	0,018	9,640	16,538	41,524	23,437	23,365	23,795	1,031	9,032	112,716	1005,674	-25,009	2,332	2,276	NaN	0,542	0,000	0,984
09:30:10,032	20,225	23,705	23,478	-24,973	23,064	-0,001	24,653	23,643	22,479	23,071	23,260	-24,957	23,057	23,630	23,051	23,092	15,249	17,496	1,003	-0,070	1,008	-5,017	-3,994	-0,033	-4,992	8,434	1,060	1,713	1,071	1,284	1,064	1,017	1,076	1,090	-15000,266	-2499,894	-65,219	0,952	1,119	9,870	0,000	0,021	9,627	16,588	41,553	23,389	23,344	23,659	1,013	9,091	112,877	999,237	-25,016	2,330	2,273	NaN	0,539	0,000	1,468
09:30:10,547	20,279	23,627	23,503	-24,995	23,117	-0,001	24,726	23,629	22,528	23,024	23,249	-24,926	23,064	23,681	23,052	23,048	15,238	17,408	0,997	-0,045	1,007	-5,018	-3,990	0,006	-4,994	8,442	1,069	1,709	1,067	1,292	1,070	1,020	1,073	1,066	-14999,738	-2499,736	-56,564	0,961	1,032	9,864	0,000	0,019	9,614	16,550	41,521	23,471	23,254	23,564	1,031	8,986	112,613	1004,976	-25,014	2,329	2,270	NaN	0,543	0,000	2,015
09:30:11,172	20,217	23,594	23,497	-24,940	23,161	-0,001	24,809	23,664	22,560	23,045	23,230	-24,961	23,069	23,636	23,034	23,072	15,213	17,458	0,998	-0,045	1,011	-5,017	-3,992	0,030	-4,987	8,445	1,061	1,712	1,070	1,269	1,067	1,023	1,077	1,084	-15001,133	-2500,425	-53,269	0,954	1,041	9,879	0,000	0,024	9,603	16,571	41,562	23,381	23,409	23,685	1,028	9,031	112,683	999,498	-25,013	2,333	2,267	NaN	0,541	0,000	2,640
09:30:11,657	20,240	23,603	23,510	-24,973	23,271	-0,001	24,756	23,674	22,487	23,051	23,238	-24,920	23,064	23,631	23,046	23,024	15,253	17,501	0,996	-0,066	1,011	-5,017	-3,988	0,008	-4,992	8,437	1,070	1,723	1,063	1,266	1,078	1,019	1,087	1,052	-15001,610	-2499,618	-55,603	0,976	0,957	9,864	0,000	0,020	9,603	16,519	41,491	23,471	23,400	23,598	1,020	9,038	112,463	1002,193	-25,007	2,329	2,267	NaN	0,545	0,000	3,156
09:30:12,157	20,223	23,587	23,506	-24,896	23,108	-0,001	24,706	23,614	22,513	23,033	23,265	-24,949	23,064	23,671	23,052	22,985	15,214	17,471	1,007	-0,051	1,007	-5,016	-3,992	0,094	-4,995	8,439	1,059	1,719	1,071	1,295	1,059	1,022	1,079	1,087	-15001,295	-2498,710	-55,867	0,933	0,996	9,888	0,000	0,024	9,598	16,548	41,513	23,465	23,275	23,624	1,037	9,009	111,874	996,259	-25,007	2,335	2,266	NaN	0,539	0,000	3,640
09:30:12,625	20,290	23,603	23,505	-24,943	23,230	-0,001	24,731	23,637	22,493	23,024	23,205	-24,915	23,078	23,624	23,048	23,049	15,228	17,424	1,003	-0,038	1,007	-5,016	-3,988	-0,073	-4,995	8,435	1,063	1,711	1,070	1,276	1,064	1,022	1,095	1,068	-15001,465	-2500,060	-51,279	1,017	0,961	9,852	0,000	0,017	9,604	16,541	41,515	23,386	23,111	23,615	1,037	8,985	112,435	1004,017	-25,009	2,326	2,268	NaN	0,539	0,000	4,140
09:30:13,032	20,242	23,554	23,513	-24,946	23,136	-0,001	24,819	23,632	22,494	23,051	23,346	-24,921	23,057	23,618	23,088	23,117	15,222	17,520	0,997	-0,044	1,011	-5,015	-3,990	0,025	-4,992	8,447	1,055	1,730	1,068	1,280	1,063	1,031	1,075	1,086	-15000,371	-2499,849	-54,687	0,949	0,977	9,844	0,000	0,028	9,622	16,548	41,535	23,423	23,377	23,672	1,036	9,039	112,033	1002,778	-25,009	2,324	2,272	NaN	0,537	0,000	4,609
09:30:13,516	20,271	23,608	23,471	-24,942	23,198	-0,001	24,751	23,642	22,495	23,052	23,261	-24,949	23,073	23,674	23,026	23,058	15,202	17,462	1,007	-0,036	1,005	-5,017	-3,995	-0,012	-4,997	8,436	1,059	1,731	1,067	1,275	1,066	1,025	1,077	1,070	-15000,152	-2501,187	-57,621	0,958	0,939	9,827	0,000	0,024	9,611	16,526	41,523	23,438	23,465	23,630	0,947	9,015	112,750	1005,065	-25,007	2,320	2,269	NaN	0,541	0,000	5,015
09:30:14,032	20,234	23,569	23,486	-24,944	23,087	-0,001	24,726	23,625	22,503	23,052	23,290	-24,903	23,029	23,614	23,046	23,082	15,225	17,486	0,997	-0,054	1,010	-5,017	-3,991	-0,019	-4,993	8,422	1,062	1,714	1,073	1,286	1,049	1,042	1,065	1,090	-15001,732	-2499,683	-62,018	0,945	0,749	9,844	0,000	0,026	9,621	16,559	41,525	23,369	23,425	23,636	1,050	9,051	112,830	998,466	-25,008	2,324	2,272	NaN	0,541	0,000	5,500
09:30:14,469	20,227	23,637	23,537	-24,966	23,153	-0,001	24,805	23,631	22,472	23,051	23,274	-24,707	23,071	23,648	23,067	23,024	15,161	17,494	0,995	-0,053	1,006	-5,016	-3,992	-0,000	-4,991	8,441	1,059	1,713	1,065	1,284	1,067	1,010	1,050	1,085	-14999,674	-2499,569	-59,230	0,964	1,009	9,860	0,000	0,023	9,646	16,510	41,501	23,455	23,259	23,781	1,028	8,967	113,295	1001,705	-25,007	2,328	2,278	NaN	0,543	0,000	6,015
09:30:15,000	20,244	23,564	23,522	-24,943	23,073	-0,001	24,739	23,613	22,474	23,020	23,278	-24,932	23,045	23,584	23,059	23,043	15,283	17,427	0,999	-0,042	1,011	-5,018	-3,995	-0,031	-4,992	8,433	1,050	1,721	1,069	1,276	1,054	1,036	1,070	1,076	-15003,597	-2500,129	-60,989	0,956	0,930	9,867	0,000	0,028	9,644	16,491	41,523	23,421	23,342	23,623	1,102	8,983	113,010	998,097	-25,013	2,330	2,277	NaN	0,542	0,000	6,453
09:30:15,500	20,233	23,566	23,517	-24,913	23,089	-0,001	24,712	23,633	22,521	23,043	23,267	-24,813	23,054	23,605	23,063	23,034	15,258	17,496	0,992	-0,047	1,001	-5,015	-3,991	-0,092	-4,992	8,441	1,057	1,699	1,074	1,280	1,062	1,017	1,068	1,081	-15004,270	-2499,277	-62,204	0,950	0,967	9,874	0,000	0,032	9,646	16,522	41,486	23,362	23,393	23,653	0,969	9,038	112,621	999,894	-25,010	2,331	2,278	NaN	0,545	0,000	6,984
09:30:16,016	20,259	23,599	23,503	-24,949	23,114	-0,001	24,729	23,589	22,501	23,038	23,245	-24,899	23,097	23,576	23,014	23,033	15,287	17,471	1,012	-0,052	1,007	-5,019	-3,988	-0,014	-4,992	8,430	1,057	1,715	1,074	1,281	1,080	1,031	1,057	1,081	-15002,097	-2499,671	-60,596	0,947	0,876	9,896	0,000	0,022	9,644	16,552	41,542	23,465	23,273	23,787	0,973	9,020	112,416	997,973	-25,007	2,337	2,277	NaN	0,541	0,000	7,484
09:30:16,500	20,249	23,606	23,503	-24,964	23,059	-0,001	24,714	23,566	22,521	23,083	23,289	-24,925	23,047	23,572	23,108	23,016	15,240	17,518	0,999	-0,049	0,996	-5,017	-3,992	0,018	-4,994	8,439	1,049	1,709	1,074	1,275	1,071	1,029	1,069	1,086	-15002,081	-2500,328	-52,377	0,955	0,960	9,883	0,000	0,029	9,649	16,504	41,466	23,408	23,313	23,641	1,036	9,207	112,018	1002,411	-25,013	2,333	2,278	NaN	0,541	0,000	8,000
09:30:17,000	20,210	23,552	23,496	-24,926	23,090	-0,001	24,787	23,641	22,515	23,076	23,251	-24,914	22,999	23,581	23,045	23,060	15,218	17,446	0,996	-0,058	1,007	-5,017	-3,991	-0,037	-4,994	8,439	1,060	1,713	1,065	1,274	1,059	1,023	1,078	1,089	-15003,953	-2498,694	-57,544	0,972	1,026	9,873	0,000	0,030	9,645	16,552	41,548	23,465	23,343	23,561	1,043	9,013	112,028	1001,341	-25,004	2,331	2,277	NaN	0,540	0,000	8,484
09:30:17,486	20,222	23,530	23,534	-24,928	23,077	-0,001	24,756	23,652	22,497	23,086	23,298	-24,926	23,058	23,591	23,082	23,067	15,212	17,490	0,997	-0,043	1,006	-5,017	-3,992	0,028	-4,990	8,432	1,096	1,697	1,068	1,282	1,077	1,028	1,069	1,094	-15000,882	-2499,135	-68,850	0,923	0,853	9,844	0,000	0,024	9,638	16,544	41,533	23,433	23,298	23,606	1,026	9,026	112,845	1001,794	-25,014	2,324	2,276	NaN	0,542	0,000	8,984
09:30:18,000	20,201	23,596	23,499	-24,950	23,140	-0,001	24,661	23,639	22,494	23,056	23,248	-24,939	23,066	23,601	23,075	23,062	15,254	17,477	1,005	-0,051	1,014	-5,017	-3,992	0,046	-4,990	8,432	1,052	1,702	1,079	1,279	1,055	1,028	1,063	1,076	-14999,512	-2499,841	-58,083	0,966	0,852	9,867	0,000	0,025	9,627	16,517	41,488	23,481	23,314	23,594	1,032	9,039	112,820	1000,121	-25,007	2,330	2,273	NaN	0,544	0,000	9,468
09:30:18,486	20,269	23,618	23,532	-24,975	23,200	-0,001	24,768	23,646	22,514	23,067	23,269	-24,950	23,067	23,617	23,140	23,065	15,242	17,479	1,013	-0,065	1,006	-5,015	-3,992	0,005	-4,992	8,441	1,050	1,711	1,071	1,282	1,074	1,034	1,070	1,094	-15000,403	-2499,586	-59,574	0,969	0,980	9,877	0,000	0,031	9,613	16,597	41,538	23,430	23,290	23,606	1,029	9,067	113,123	997,903	-25,013	2,332	2,270	NaN	0,541	0,000	9,984
09:30:19,000	20,223	23,613	23,526	-24,963	23,175	-0,001	24,724	23,645	22,495	23,053	23,269	-24,833	23,049	23,582	23,140	23,087	15,271	17,465	1,007	-0,044	1,007	-5,016	-3,989	0,059	-4,992	8,440	1,060	1,714	1,087	1,275	1,072	1,034	1,056	1,081	-15000,630	-2499,521	-59,392	0,955	0,992	9,893	0,000	0,024	9,602	16,521	41,539	23,442	23,368	23,671	0,985	9,064	112,461	1005,219	-25,011	2,336	2,267	NaN	0,545	0,000	10,468
09:30:19,486	20,196	23,611	23,503	-24,980	23,049	-0,001	24,819	23,660	22,495	23,028	23,302	-24,913	23,065	23,545	23,158	23,101	15,234	17,504	1,005	-0,032	1,007	-5,016	-3,993	-0,085	-4,989	8,432	1,054	1,699	1,062	1,294	1,067	1,034	1,064	1,088	-15001,238	-2499,731	-54,067	0,944	0,996	9,871	0,000	0,039	9,587	16,528	41,547	23,416	23,546	23,577	1,025	9,013	113,610	994,303	-25,015	2,331	2,264	NaN	0,542	0,000	10,968
09:30:20,000	20,253	23,632	23,472	-24,939	23,272	-0,001	24,731	23,666	22,506	23,055	23,249	-24,965	23,050	23,558	23,222	23,069	15,251	17,407	0,991	-0,055	1,015	-5,016	-3,992	-0,017	-4,993	8,438	1,060	1,709	1,088	1,277	1,073	1,025	1,064	1,060	-15001,846	-2499,472	-58,464	0,933	0,906	9,868	0,000	0,035	9,582	16,530	41,489	23,390	23,238	23,577	1,033	9,091	113,230	999,929	-25,013	2,330	2,262	NaN	0,544	0,000	11,468
09:30:20,500	20,226	23,579	23,460	-24,986	23,103	-0,001	24,876	23,617	22,467	23,035	23,276	-24,894	23,063	23,593	23,151	23,078	15,264	17,464	1,002	-0,046	1,007	-5,017	-3,990	-0,002	-4,989	8,441	1,070	1,713	1,072	1,277	1,077	1,034	1,064	1,076	-15001,263	-2500,559	-56,584	0,971	0,904	9,872	0,000	0,020	9,572	16,531	41,474	23,442	23,795	23,575	1,103	9,038	112,436	996,548	-25,010	2,331	2,260	NaN	0,541	0,000	11,984
09:30:21,000	20,223	23,583	23,500	-24,988	23,090	-0,001	24,762	23,650	22,548	23,071	23,267	-24,931	23,068	23,590	23,206	23,100	15,234	17,429	0,997	-0,038	1,018	-5,016	-3,992	-0,123	-4,992	8,430	1,055	1,718	1,071	1,270	1,090	1,024	1,074	1,074	-15001,968	-2499,622	-59,939	0,974	1,022	9,868	0,000	0,026	9,551	16,611	41,599	23,373	23,290	23,591	1,028	9,029	112,671	1002,107	-25,016	2,330	2,255	NaN	0,541	0,000	12,484
09:30:21,486	20,232	23,579	23,485	-24,937	23,119	-0,001	24,864	23,655	22,543	23,005	23,239	-24,889	23,048	23,570	23,091	23,110	15,288	17,455	1,010	-0,055	1,010	-5,016	-3,990	0,013	-4,991	8,448	1,055	1,728	1,068	1,288	1,082	1,041	1,071	1,093	-15000,679	-2499,407	-63,424	0,955	0,873	9,855	0,000	0,025	9,549	16,585	41,525	23,381	23,387	23,639	1,057	9,018	111,969	1000,180	-25,008	2,327	2,255	NaN	0,540	0,000	13,000
09:30:22,000	20,263	23,607	23,527	-24,913	23,189	-0,001	24,809	23,624	22,514	23,033	23,257	-24,917	23,039	23,605	23,201	23,070	15,238	17,398	0,992	-0,062	1,010	-5,015	-3,991	-0,047	-4,993	8,435	1,065	1,721	1,078	1,285	1,086	1,023	1,061	1,081	-15001,101	-2500,072	-66,038	0,948	1,020	9,868	0,000	0,022	9,531	16,494	41,502	23,448	23,329	23,802	1,036	9,008	112,647	1003,818	-25,008	2,330	2,250	NaN	0,543	0,000	13,468
09:30:22,486	20,250	23,579	23,502	-24,985	23,039	-0,001	24,825	23,653	22,508	23,030	23,306	-24,930	23,054	23,583	23,170	23,070	15,267	17,458	1,006	-0,044	1,012	-5,016	-3,990	-0,044	-4,993	8,450	1,057	1,711	1,078	1,270	1,073	1,033	1,075	1,083	-15002,681	-2500,299	-61,220	0,945	1,003	9,874	0,000	0,027	9,549	16,540	41,538	23,355	23,411	23,646	1,043	9,049	112,870	999,447	-25,008	2,331	2,255	NaN	0,539	0,000	13,984
09:30:22,986	20,226	23,599	23,535	-24,921	23,171	-0,001	24,797	23,636	22,490	23,049	23,224	-24,917	23,044	23,587	23,178	23,109	15,264	17,433	1,017	-0,054	1,012	-5,016	-3,995	0,000	-4,994	8,432	1,063	1,696	1,072	1,274	1,064	1,012	1,059	1,091	-15001,197	-2499,630	-65,118	0,957	0,965	9,844	0,000	0,019	9,537	16,504	41,564	23,347	23,358	23,582	1,030	9,017	112,810	1003,740	-25,011	2,324	2,252	NaN	0,541	0,000	14,468
09:30:23,469	20,234	23,602	23,486	-24,985	23,121	-0,001	24,952	23,666	22,483	23,048	23,272	-24,830	23,063	23,565	23,098	23,072	15,208	17,455	1,011	-0,049	1,003	-5,017	-3,990	-0,023	-4,993	8,440	1,055	1,732	1,058	1,279	1,081	1,021	1,077	1,093	-15000,524	-2499,699	-51,397	0,935	0,965	9,852	0,000	0,027	9,531	16,643	41,530	23,366	23,410	23,579	1,053	9,044	112,802	1000,708	-25,010	2,326	2,250	NaN	0,539	0,000	14,968
09:30:23,986	20,210	23,551	23,560	-24,954	22,939	-0,001	24,825	23,653	22,506	23,061	23,281	-24,949	23,015	23,573	23,265	23,041	15,261	17,430	1,002	-0,036	0,999	-5,017	-3,989	0,001	-4,990	8,444	1,075	1,711	1,075	1,281	1,076	1,022	1,066	1,082	-15001,959	-2500,360	-63,124	0,973	0,809	9,864	0,000	0,023	9,531	16,478	41,512	23,470	23,315	23,533	1,043	9,065	112,506	1005,548	-25,011	2,329	2,250	NaN	0,542	0,000	15,453
09:30:24,486	20,234	23,594	23,531	-24,938	23,147	-0,001	24,840	23,643	22,517	23,055	23,284	-24,958	23,055	23,579	23,224	23,083	15,273	17,437	1,001	-0,051	1,008	-5,017	-3,990	-0,013	-4,990	8,440	1,063	1,719	1,059	1,276	1,069	1,028	1,067	1,087	-15001,603	-2499,817	-61,568	0,955	0,906	9,847	0,000	0,026	9,533	16,526	41,480	23,416	23,371	23,556	1,075	9,186	113,107	997,388	-25,012	2,325	2,251	NaN	0,540	0,000	15,968
09:30:25,000	20,300	23,599	23,556	-24,930	23,162	-0,001	24,839	23,693	22,508	23,067	23,253	-24,934	23,103	23,562	23,168	23,121	15,259	17,488	0,992	-0,050	1,009	-5,016	-3,989	0,022	-4,990	8,428	1,060	1,703	1,062	1,286	1,080	1,023	1,082	1,071	-14999,601	-2499,294	-65,957	0,961	1,068	9,867	0,000	0,024	9,538	16,488	41,543	23,487	23,297	23,874	1,029	9,008	113,038	1003,990	-25,011	2,330	2,252	NaN	0,541	0,000	16,468
09:30:25,486	20,314	23,597	23,554	-24,917	23,127	-0,001	24,813	23,643	22,526	23,024	23,248	-24,906	23,083	23,622	23,136	23,094	15,214	17,415	1,006	-0,052	1,008	-5,016	-3,993	-0,058	-4,994	8,444	1,072	1,705	1,067	1,263	1,071	1,031	1,070	1,083	-15001,133	-2499,894	-65,187	0,957	0,951	9,863	0,000	0,026	9,536	16,548	41,461	23,423	23,317	23,621	1,033	9,040	112,754	1000,520	-25,014	2,329	2,251	NaN	0,539	0,000	16,984
09:30:26,000	20,293	23,610	23,582	-24,931	23,118	-0,001	24,811	23,638	22,548	23,065	23,273	-24,917	23,042	23,609	23,104	23,065	15,233	17,445	1,000	-0,049	1,012	-5,016	-3,992	0,011	-4,991	8,433	1,065	1,712	1,074	1,279	1,077	1,018	1,068	1,053	-15001,359	-2500,591	-60,786	0,961	1,017	9,867	0,000	0,027	9,541	16,513	41,536	23,372	23,338	23,554	1,008	9,073	112,913	1005,672	-25,012	2,330	2,253	NaN	0,543	0,000	17,468
09:30:26,486	20,310	23,559	23,542	-24,970	23,122	-0,001	24,776	23,640	22,524	23,070	23,275	-24,956	23,044	23,578	23,187	23,069	15,240	17,440	1,001	-0,058	1,008	-5,015	-3,990	0,001	-4,993	8,446	1,054	1,688	1,066	1,276	1,073	1,023	1,069	1,085	-15000,362	-2499,642	-60,555	1,002	0,932	9,880	0,000	0,025	9,529	16,504	41,572	23,360	23,329	23,545	0,993	9,046	112,941	999,625	-25,012	2,333	2,250	NaN	0,543	0,000	17,984
09:30:26,986	20,284	23,600	23,575	-24,938	23,133	-0,001	24,919	23,677	22,508	23,048	23,314	-24,877	23,029	23,584	23,178	23,069	15,239	17,430	1,014	-0,036	1,012	-5,015	-3,996	-0,010	-4,993	8,432	1,057	1,710	1,077	1,270	1,066	1,040	1,062	1,084	-14998,863	-2498,900	-61,127	0,950	1,056	9,890	0,000	0,026	9,534	16,462	41,549	23,410	23,345	23,638	1,027	9,002	113,135	1000,476	-25,010	2,335	2,251	NaN	0,546	0,000	18,453
09:30:27,486	20,271	23,589	23,585	-24,955	23,192	-0,001	24,759	23,691	22,515	23,035	23,319	-24,918	23,052	23,581	23,217	23,115	15,227	17,407	1,000	-0,053	1,007	-5,016	-3,992	-0,134	-4,994	8,450	1,042	1,717	1,063	1,283	1,074	1,021	1,073	1,094	-15000,452	-2499,565	-56,341	0,952	0,987	9,890	0,000	0,026	9,524	16,517	41,507	23,434	23,204	23,614	1,061	9,035	113,181	994,917	-25,011	2,335	2,249	NaN	0,541	0,000	18,968
09:30:27,969	20,311	23,594	23,547	-24,976	23,214	-0,001	24,793	23,686	22,513	23,066	23,269	-24,891	23,029	23,568	23,153	23,086	15,265	17,413	1,008	-0,040	1,013	-5,018	-3,992	-0,016	-4,993	8,450	1,071	1,695	1,071	1,273	1,069	1,034	1,087	1,062	-15001,895	-2499,513	-57,492	0,958	0,840	9,899	0,000	0,028	9,531	16,527	41,595	23,398	23,360	23,642	1,044	9,110	112,756	1004,694	-25,002	2,337	2,250	NaN	0,544	0,000	19,468
09:30:28,469	20,329	23,563	23,572	-24,980	23,240	-0,001	24,835	23,647	22,544	23,044	23,286	-24,940	23,053	23,574	23,196	23,086	15,290	17,471	1,003	-0,035	1,005	-5,016	-3,990	0,023	-4,993	8,439	1,061	1,703	1,073	1,282	1,068	1,035	1,073	1,065	-14999,633	-2499,395	-63,404	0,939	0,932	9,889	0,000	0,024	9,531	16,524	41,482	23,436	23,591	23,627	0,996	9,024	112,865	997,933	-25,013	2,335	2,250	NaN	0,543	0,000	19,968
09:30:29,000	20,300	23,601	23,497	-24,991	23,151	-0,001	24,813	23,646	22,514	23,074	23,288	-24,882	23,038	23,633	23,159	23,075	15,229	17,468	0,991	-0,021	1,016	-5,017	-3,989	0,015	-4,993	8,442	1,064	1,710	1,073	1,279	1,074	1,029	1,075	1,067	-15001,838	-2499,496	-54,813	0,943	0,958	9,863	0,000	0,025	9,528	16,512	41,524	23,391	23,351	23,500	1,066	9,006	113,281	998,024	-25,011	2,329	2,250	NaN	0,542	0,000	20,453
09:30:29,486	20,284	23,598	23,553	-24,949	23,177	-0,001	24,812	23,641	22,514	23,002	23,311	-25,007	23,040	23,563	23,145	23,062	15,274	17,414	1,008	-0,036	1,006	-5,017	-3,993	-0,015	-4,988	8,442	1,070	1,715	1,070	1,272	1,087	1,026	1,077	1,068	-15001,044	-2499,825	-62,553	0,952	0,989	9,861	0,000	0,035	9,525	16,511	41,541	23,454	23,172	23,633	1,051	9,036	112,258	998,798	-25,009	2,328	2,249	NaN	0,541	0,000	20,984
09:30:30,000	20,302	23,555	23,518	-24,935	23,119	-0,001	24,714	23,645	22,509	23,054	23,283	-24,996	23,049	23,561	23,085	23,067	15,258	17,455	1,000	-0,014	1,013	-5,017	-3,996	-0,028	-4,992	8,441	1,068	1,713	1,059	1,276	1,074	1,015	1,064	1,082	-15003,248	-2499,630	-52,892	0,903	0,927	9,874	0,000	0,021	9,521	16,530	41,576	23,400	23,353	23,687	1,028	9,019	112,028	1001,813	-25,009	2,331	2,248	NaN	0,538	0,000	21,468
09:30:30,500	20,298	23,638	23,540	-24,929	23,118	-0,001	24,857	23,641	22,525	23,032	23,286	-24,989	23,057	23,566	23,094	23,089	15,207	17,446	1,016	-0,064	1,015	-5,016	-3,992	-0,036	-4,990	8,439	1,052	1,720	1,065	1,281	1,065	1,029	1,062	1,092	-14998,401	-2499,525	-60,199	0,942	0,848	9,855	0,000	0,020	9,523	16,505	41,580	23,330	23,229	23,633	1,059	9,071	111,920	1005,286	-25,014	2,327	2,248	NaN	0,539	0,000	21,984
09:30:31,000	20,182	23,625	23,528	-24,973	23,004	-0,001	24,792	23,685	22,496	23,027	23,261	-24,919	23,083	23,597	23,084	23,087	15,237	17,433	0,998	-0,050	1,012	-5,016	-3,988	0,021	-4,988	8,435	1,082	1,710	1,077	1,270	1,070	1,029	1,074	1,095	-15001,027	-2499,748	-60,628	0,961	0,992	9,856	0,000	0,019	9,532	16,503	41,526	23,462	23,253	23,613	1,036	9,104	112,148	1004,575	-25,011	2,327	2,251	NaN	0,539	0,000	22,484
09:30:31,469	20,242	23,607	23,583	-24,965	23,104	-0,001	24,907	23,639	22,532	23,066	23,277	-24,941	23,064	23,605	23,048	23,073	15,213	17,409	0,982	-0,050	1,017	-5,016	-3,992	0,106	-4,991	8,439	1,058	1,716	1,067	1,280	1,081	1,034	1,078	1,066	-15001,352	-2499,910	-60,993	0,968	0,915	9,872	0,000	0,025	9,525	16,504	41,477	23,373	23,329	23,632	1,085	9,042	112,846	1005,467	-25,011	2,331	2,249	NaN	0,542	0,000	22,968
09:30:31,986	20,222	23,644	23,492	-24,939	23,162	-0,001	24,860	23,591	22,549	23,083	23,323	-24,938	23,080	23,561	23,068	23,050	15,197	17,362	1,003	-0,059	1,002	-5,017	-3,992	-0,082	-4,994	8,429	1,051	1,716	1,068	1,275	1,077	1,041	1,074	1,073	-15003,475	-2499,582	-63,862	0,953	0,902	9,891	0,000	0,027	9,520	16,507	41,441	23,450	23,307	23,622	1,002	9,113	113,420	1001,662	-25,013	2,335	2,248	NaN	0,540	0,000	23,453
09:30:32,469	20,212	23,620	23,483	-24,994	23,106	-0,001	24,825	23,618	22,511	23,016	23,249	-24,915	23,076	23,507	23,053	23,040	15,295	17,447	0,989	-0,043	1,007	-5,016	-3,990	-0,027	-4,994	8,445	1,060	1,704	1,085	1,275	1,073	1,016	1,072	1,084	-15002,535	-2499,626	-61,078	0,962	0,903	9,864	0,000	0,025	9,541	16,467	41,497	23,460	23,359	23,642	1,036	9,106	113,245	1003,069	-25,010	2,329	2,253	NaN	0,542	0,000	23,968
09:30:33,000	20,189	23,651	23,452	-24,932	23,118	-0,001	24,788	23,588	22,514	23,029	23,237	-24,927	23,092	23,617	23,022	23,089	15,209	17,449	1,003	-0,047	1,000	-5,016	-3,994	0,060	-4,993	8,439	1,066	1,705	1,075	1,287	1,057	1,013	1,073	1,073	-15000,614	-2500,044	-65,450	0,962	0,870	9,855	0,000	0,022	9,523	16,493	41,543	23,388	23,347	23,268	1,018	9,029	113,191	999,547	-25,014	2,327	2,249	NaN	0,541	0,000	24,468
09:30:33,486	20,179	23,671	23,508	-24,921	23,174	-0,001	24,705	23,635	22,508	23,063	23,234	-24,960	23,062	23,568	22,982	23,061	15,270	17,463	1,002	-0,034	1,003	-5,015	-3,986	0,145	-4,992	8,441	1,069	1,718	1,058	1,289	1,051	1,039	1,080	1,064	-15002,292	-2499,399	-70,232	0,972	0,974	9,856	0,000	0,024	9,518	16,512	41,536	23,442	23,445	23,550	0,991	9,164	113,398	1001,155	-25,005	2,327	2,247	NaN	0,543	0,000	24,984
09:30:34,000	20,196	23,683	23,492	-24,925	23,161	-0,001	24,769	23,695	22,496	23,037	23,296	-24,969	23,071	23,550	22,947	23,071	15,244	17,407	1,001	-0,051	1,014	-5,016	-3,992	-0,178	-4,992	8,439	1,061	1,709	1,074	1,282	1,073	1,039	1,081	1,082	-14999,917	-2500,563	-60,616	0,977	0,921	9,834	0,000	0,025	9,516	16,505	41,544	23,383	23,250	23,569	1,091	9,056	113,157	994,842	-25,006	2,322	2,247	NaN	0,539	0,000	25,468
09:30:34,486	20,191	23,693	23,467	-24,919	23,095	-0,001	24,824	23,652	22,528	23,051	23,262	-24,952	23,077	23,593	23,040	23,090	15,225	17,423	0,999	-0,057	1,007	-5,017	-3,989	-0,024	-4,992	8,428	1,067	1,699	1,078	1,295	1,059	1,028	1,079	1,076	-14998,766	-2499,391	-57,654	0,987	0,963	9,839	0,000	0,021	9,523	16,465	41,476	23,401	23,311	23,505	1,027	9,061	112,203	1002,592	-25,009	2,323	2,248	NaN	0,543	0,000	25,984
09:30:35,000	20,263	23,666	23,446	-24,957	23,134	-0,001	24,788	23,595	22,525	23,108	23,304	-24,871	23,052	23,556	23,032	23,071	15,277	17,431	1,016	-0,040	1,003	-5,016	-3,990	-0,022	-4,991	8,435	1,060	1,709	1,074	1,285	1,075	1,017	1,065	1,089	-15001,644	-2498,888	-64,340	0,966	0,922	9,862	0,000	0,020	9,531	16,504	41,462	23,446	23,416	23,492	1,052	8,862	112,318	996,868	-25,012	2,328	2,250	NaN	0,539	0,000	26,468
09:30:35,486	20,217	23,694	23,441	-24,936	23,144	-0,001	24,854	23,653	22,523	23,104	23,275	-24,928	23,122	23,596	22,995	23,050	15,226	17,480	1,010	-0,054	1,017	-5,017	-3,992	0,058	-4,991	8,436	1,051	1,711	1,070	1,282	1,074	1,030	1,063	1,080	-15002,988	-2499,926	-50,769	0,946	1,040	9,855	0,000	0,020	9,522	16,441	41,541	23,396	23,323	23,466	1,044	9,028	112,788	1003,454	-25,007	2,327	2,248	NaN	0,542	0,000	26,984
09:30:36,000	20,246	23,701	23,498	-24,954	23,136	-0,001	24,866	23,592	22,523	23,061	23,263	-24,956	23,067	23,587	22,981	23,055	15,230	17,463	1,003	-0,041	1,017	-5,015	-3,991	0,008	-4,994	8,440	1,064	1,698	1,072	1,274	1,082	1,034	1,060	1,087	-15002,016	-2499,683	-57,881	0,969	0,991	9,839	0,000	0,024	9,501	16,508	41,582	23,372	23,301	23,706	1,045	9,043	112,458	997,442	-25,008	2,323	2,243	NaN	0,538	0,000	27,468
09:30:36,486	20,224	23,658	23,514	-24,942	23,140	-0,001	24,798	23,642	22,544	23,101	23,309	-24,914	23,072	23,578	23,034	23,063	15,258	17,429	1,005	-0,035	1,016	-5,016	-3,990	-0,063	-4,993	8,455	1,066	1,714	1,076	1,271	1,070	1,041	1,065	1,084	-15002,705	-2499,586	-61,775	0,982	0,928	9,843	0,000	0,025	9,536	16,455	41,514	23,352	23,310	23,593	1,059	8,947	112,753	1004,187	-25,007	2,324	2,252	NaN	0,544	0,000	27,984
09:30:36,986	20,189	23,684	23,462	-24,951	23,218	-0,001	24,861	23,666	22,547	23,085	23,247	-24,948	23,056	23,606	23,034	23,078	15,243	17,444	0,989	-0,059	1,014	-5,018	-3,992	-0,079	-4,989	8,448	1,073	1,709	1,074	1,283	1,072	1,022	1,067	1,089	-15001,376	-2499,602	-58,987	0,956	0,996	9,876	0,000	0,014	9,529	16,459	41,509	23,432	23,189	23,653	1,098	9,033	113,232	996,976	-25,010	2,332	2,250	NaN	0,541	0,000	28,468
09:30:37,453	20,256	23,700	23,448	-24,970	23,152	-0,001	24,765	23,666	22,562	23,100	23,272	-24,977	23,114	23,558	23,031	23,097	15,206	17,425	1,004	-0,047	1,008	-5,017	-3,990	-0,046	-4,993	8,445	1,075	1,708	1,062	1,287	1,075	1,032	1,072	1,097	-15001,902	-2500,429	-57,301	0,950	0,994	9,897	0,000	0,024	9,524	16,500	41,453	23,445	23,396	23,566	0,971	9,028	112,735	1004,694	-25,011	2,337	2,249	NaN	0,544	0,000	28,968
09:30:37,969	20,248	23,707	23,432	-24,943	23,126	-0,001	24,761	23,675	22,544	23,101	23,264	-24,912	23,117	23,620	23,064	23,093	15,249	17,443	0,998	-0,042	1,006	-5,017	-3,991	0,097	-4,990	8,436	1,055	1,714	1,059	1,271	1,076	1,028	1,077	1,078	-15000,938	-2499,411	-63,513	0,986	0,966	9,888	0,000	0,020	9,526	16,423	41,482	23,491	23,358	23,594	1,049	9,040	113,109	998,070	-25,010	2,335	2,249	NaN	0,538	0,000	29,453
09:30:38,438	20,259	23,710	23,427	-24,957	23,104	-0,001	24,736	23,695	22,579	23,142	23,248	-24,889	23,093	23,591	23,070	23,084	15,232	17,421	1,005	-0,048	1,012	-5,018	-3,990	-0,009	-4,998	8,437	1,062	1,695	1,075	1,285	1,073	1,021	1,080	1,091	-15000,396	-2499,091	-58,691	0,961	0,965	9,851	0,000	0,017	9,509	16,461	41,479	23,402	23,263	23,666	1,023	9,031	112,884	1004,847	-25,010	2,326	2,245	NaN	0,542	0,000	29,953
09:30:38,969	20,249	23,667	23,430	-24,999	23,156	-0,001	24,777	23,650	22,587	23,104	23,325	-24,915	23,115	23,574	23,060	23,087	15,265	17,402	0,999	-0,044	1,010	-5,019	-3,991	-0,024	-4,990	8,443	1,061	1,711	1,089	1,283	1,092	1,028	1,069	1,094	-15002,932	-2499,646	-66,520	0,939	1,074	9,840	0,000	0,032	9,526	16,476	41,515	23,432	23,375	23,545	1,025	9,053	112,903	996,968	-25,002	2,323	2,249	NaN	0,539	0,000	30,437
09:30:39,469	20,235	23,720	23,481	-24,945	23,218	-0,001	24,726	23,631	22,607	23,086	23,252	-24,905	23,073	23,558	23,012	23,113	15,237	17,417	1,002	-0,039	1,004	-5,016	-3,992	-0,011	-4,995	8,437	1,065	1,706	1,072	1,279	1,071	1,028	1,054	1,094	-15001,359	-2499,367	-60,924	0,951	0,924	9,846	0,000	0,025	9,530	16,566	41,503	23,439	23,364	23,499	1,035	9,031	112,590	1003,885	-25,017	2,325	2,250	NaN	0,541	0,000	30,953
09:30:39,969	20,245	23,691	23,445	-24,952	23,134	-0,001	24,695	23,679	22,584	23,119	23,276	-24,992	23,124	23,596	23,066	23,070	15,292	17,437	1,008	-0,050	1,006	-5,016	-3,995	-0,018	-4,992	8,437	1,076	1,710	1,077	1,277	1,076	1,026	1,065	1,059	-15002,770	-2499,034	-62,553	0,978	0,932	9,854	0,000	0,025	9,525	16,505	41,532	23,416	23,386	23,625	1,028	9,020	113,063	999,973	-25,006	2,327	2,249	NaN	0,539	0,000	31,453
09:30:40,486	20,232	23,717	23,403	-24,984	23,130	-0,001	24,796	23,715	22,579	23,143	23,199	-24,934	23,047	23,568	23,037	23,046	15,225	17,423	1,009	-0,034	1,013	-5,017	-3,989	0,018	-4,991	8,456	1,067	1,702	1,068	1,285	1,082	1,018	1,081	1,070	-14999,966	-2499,650	-60,697	0,961	0,893	9,852	0,000	0,023	9,518	16,437	41,479	23,474	23,432	23,608	1,032	9,022	113,168	1003,365	-25,008	2,326	2,247	NaN	0,541	0,000	31,968
09:30:40,969	20,204	23,632	23,504	-24,963	22,994	-0,001	24,669	23,697	22,590	23,046	23,229	-24,954	23,069	23,577	23,033	23,070	15,235	17,414	0,998	-0,047	1,012	-5,017	-3,992	-0,124	-4,993	8,445	1,070	1,712	1,075	1,283	1,064	1,031	1,077	1,077	-15000,160	-2499,042	-57,682	0,970	0,964	9,842	0,000	0,025	9,504	16,492	41,567	23,371	23,388	23,654	1,107	9,025	112,874	998,935	-25,009	2,324	2,244	NaN	0,540	0,000	32,453
09:30:41,469	20,227	23,699	23,498	-24,965	23,198	-0,001	24,799	23,718	22,565	23,077	23,172	-24,768	23,053	23,543	23,078	23,079	15,182	17,443	1,002	-0,026	1,011	-5,016	-3,990	-0,058	-4,992	8,438	1,056	1,699	1,082	1,276	1,064	1,024	1,071	1,072	-15001,619	-2500,279	-65,560	0,969	0,907	9,838	0,000	0,024	9,519	16,482	41,471	23,438	23,463	23,662	1,030	9,076	112,875	1001,234	-25,014	2,323	2,248	NaN	0,542	0,000	32,968
09:30:41,986	20,246	23,684	23,513	-24,954	23,182	-0,001	24,706	23,721	22,568	23,051	23,191	-24,963	23,105	23,576	23,133	23,078	15,244	17,435	0,998	-0,063	1,012	-5,016	-3,995	-0,009	-4,991	8,434	1,067	1,709	1,076	1,285	1,075	1,018	1,066	1,081	-15002,283	-2498,775	-62,346	0,985	0,974	9,829	0,000	0,027	9,531	16,475	41,605	23,386	23,405	23,583	1,009	9,068	112,491	996,394	-25,005	2,321	2,250	NaN	0,541	0,000	33,468
09:30:42,486	20,204	23,628	23,488	-24,947	23,048	-0,001	24,593	23,720	22,582	23,129	23,232	-24,983	23,062	23,590	23,103	23,068	15,205	17,447	1,005	-0,026	1,013	-5,016	-3,994	0,033	-4,994	8,449	1,065	1,712	1,084	1,270	1,074	1,032	1,070	1,074	-15003,904	-2499,967	-65,410	0,943	0,960	9,838	0,000	0,023	9,517	16,539	41,511	23,454	23,397	23,583	1,034	9,184	112,821	998,647	-25,007	2,323	2,247	NaN	0,543	0,000	33,968
09:30:42,986	20,252	23,605	23,455	-24,953	23,108	-0,001	24,751	23,676	22,589	23,113	23,214	-24,916	23,054	23,608	23,110	23,093	15,244	17,381	1,003	-0,054	1,011	-5,016	-3,991	-0,020	-4,990	8,424	1,076	1,710	1,069	1,270	1,075	1,042	1,073	1,085	-15003,207	-2499,926	-43,681	0,965	0,888	9,863	0,000	0,020	9,526	16,479	41,511	23,427	23,501	23,748	1,036	9,039	112,963	997,421	-25,008	2,329	2,249	NaN	0,542	0,000	34,468
09:30:43,469	20,254	23,572	23,501	-24,932	23,205	-0,001	24,785	23,668	22,599	23,138	23,235	-24,938	23,118	23,567	23,129	23,064	15,186	17,416	1,011	-0,041	1,010	-5,013	-3,991	-0,036	-4,993	8,425	1,062	1,713	1,085	1,289	1,067	1,047	1,068	1,073	-15000,322	-2499,354	-51,036	0,978	0,983	9,869	0,000	0,029	9,514	16,477	41,539	23,392	23,428	23,658	1,036	9,040	112,729	1000,533	-25,008	2,330	2,246	NaN	0,541	0,000	34,968
09:30:43,969	20,233	23,646	23,467	-24,963	23,120	-0,001	24,816	23,712	22,554	23,102	23,221	-24,932	23,027	23,504	23,128	23,061	15,229	17,497	0,989	-0,062	1,011	-5,016	-3,989	-0,005	-4,990	8,435	1,068	1,729	1,064	1,277	1,047	1,035	1,073	1,086	-15000,273	-2499,513	-63,700	0,983	0,954	9,885	0,000	0,027	9,532	16,442	41,543	23,450	23,471	23,538	1,200	9,015	111,947	1002,627	-25,013	2,334	2,251	NaN	0,542	0,000	35,453
09:30:44,469	20,250	23,656	23,502	-24,985	23,160	-0,001	24,797	23,643	22,537	23,084	23,233	-24,896	23,024	23,566	23,085	23,071	15,235	17,453	0,998	-0,058	1,008	-5,019	-3,990	0,112	-4,992	8,448	1,066	1,719	1,068	1,286	1,066	1,036	1,082	1,084	-15003,402	-2499,488	-70,184	0,980	0,951	9,913	0,000	0,024	9,522	16,485	41,457	23,465	23,414	23,581	1,045	9,059	112,692	1004,093	-25,015	2,340	2,248	NaN	0,540	0,000	35,968
09:30:45,000	20,216	23,652	23,445	-24,974	23,172	-0,001	24,754	23,614	22,541	23,125	23,226	-24,933	23,061	23,566	23,151	23,092	15,256	17,439	1,013	-0,051	1,009	-5,016	-3,989	-0,009	-4,994	8,442	1,069	1,715	1,066	1,282	1,076	1,026	1,050	1,086	-15001,182	-2499,995	-67,189	0,969	0,848	9,900	0,000	0,025	9,526	16,547	41,571	23,445	23,458	23,534	1,031	9,050	112,870	1006,122	-25,011	2,338	2,249	NaN	0,543	0,000	36,453
09:30:45,486	20,232	23,651	23,475	-24,969	23,270	-0,001	24,743	23,659	22,523	23,105	23,262	-24,928	23,034	23,603	23,184	23,054	15,228	17,435	1,007	-0,058	1,011	-5,018	-3,995	0,059	-4,994	8,445	1,066	1,719	1,057	1,276	1,086	1,020	1,077	1,075	-15001,887	-2499,265	-56,454	0,974	0,975	9,874	0,000	0,025	9,532	16,459	41,565	23,432	23,422	23,592	1,046	8,887	113,237	998,817	-25,008	2,331	2,251	NaN	0,539	0,000	36,984
09:30:45,986	20,238	23,654	23,452	-24,955	23,142	-0,001	24,760	23,600	22,510	23,129	23,222	-24,933	23,045	23,549	23,119	23,093	15,250	17,431	0,995	-0,043	1,011	-5,017	-3,993	-0,027	-4,992	8,446	1,060	1,713	1,071	1,282	1,081	1,028	1,068	1,082	-15001,587	-2499,938	-57,532	0,954	1,067	9,864	0,000	0,026	9,532	16,551	41,553	23,452	23,599	23,552	1,023	9,058	112,613	1005,327	-25,013	2,329	2,251	NaN	0,542	0,000	37,468
09:30:46,453	20,183	23,599	23,485	-24,948	23,200	-0,001	24,757	23,670	22,514	23,139	23,262	-24,963	23,045	23,552	23,151	23,078	15,267	17,433	1,013	-0,041	1,011	-5,017	-3,989	-0,011	-4,990	8,438	1,055	1,725	1,068	1,287	1,069	1,034	1,064	1,088	-15002,381	-2499,160	-59,891	0,963	0,968	9,870	0,000	0,030	9,533	16,523	41,571	23,392	23,522	23,646	1,065	9,060	113,066	999,479	-25,009	2,330	2,251	NaN	0,540	0,000	37,953
09:30:46,986	20,210	23,619	23,486	-24,949	23,196	-0,001	24,740	23,618	22,521	23,153	23,273	-24,921	23,064	23,560	23,121	23,065	15,238	17,377	1,000	-0,050	1,012	-5,015	-3,991	0,002	-4,991	8,440	1,065	1,717	1,072	1,274	1,076	1,030	1,063	1,101	-15000,873	-2499,958	-65,369	0,954	0,993	9,853	0,000	0,019	9,547	16,538	41,513	23,372	23,441	23,542	1,053	9,018	113,457	1002,395	-25,010	2,326	2,254	NaN	0,545	0,000	38,437
09:30:47,469	20,169	23,646	23,502	-24,913	23,064	-0,001	24,729	23,670	22,538	23,108	23,280	-24,892	23,037	23,588	23,169	23,056	15,271	17,426	1,010	-0,034	1,005	-5,017	-3,994	0,030	-4,994	8,438	1,058	1,716	1,067	1,276	1,081	1,033	1,070	1,086	-15001,554	-2498,442	-65,856	0,959	0,948	9,866	0,000	0,027	9,542	16,538	41,553	23,447	23,451	23,596	0,989	9,019	112,732	995,103	-25,004	2,330	2,253	NaN	0,542	0,000	38,968
09:30:48,000	20,214	23,648	23,483	-24,939	23,160	-0,001	24,743	23,620	22,533	23,112	23,286	-24,909	23,038	23,580	23,199	23,066	15,220	17,448	1,009	-0,047	1,016	-5,018	-3,995	-0,022	-4,994	8,434	1,067	1,711	1,071	1,272	1,062	1,050	1,056	1,094	-15001,854	-2498,969	-62,541	0,934	0,919	9,870	0,000	0,024	9,556	16,538	41,525	23,388	23,464	23,614	1,052	9,055	112,702	1000,258	-25,010	2,330	2,256	NaN	0,543	0,000	39,453
09:30:48,486	20,198	23,631	23,516	-24,989	23,152	-0,001	24,836	23,632	22,535	23,122	23,256	-24,896	23,055	23,585	23,135	23,063	15,251	17,455	1,003	-0,041	1,019	-5,017	-3,989	-0,024	-4,992	8,444	1,064	1,718	1,068	1,289	1,076	1,031	1,088	1,086	-15003,864	-2499,444	-66,176	0,965	0,924	9,878	0,000	0,024	9,554	16,497	41,551	23,341	23,430	23,732	1,151	9,022	111,952	998,957	-25,007	2,332	2,256	NaN	0,541	0,000	39,968
09:30:49,000	20,245	23,603	23,470	-24,920	23,180	-0,001	24,667	23,653	22,500	23,070	23,244	-24,948	23,060	23,570	23,161	23,078	15,285	17,423	1,008	-0,044	1,014	-5,017	-3,992	-0,095	-4,993	8,427	1,050	1,726	1,069	1,286	1,067	1,032	1,072	1,079	-15000,897	-2499,792	-66,913	0,934	0,924	9,883	0,000	0,021	9,586	16,442	41,502	23,454	23,426	23,421	1,030	9,064	112,539	1003,777	-25,008	2,333	2,263	NaN	0,544	0,000	40,468
09:30:49,469	20,228	23,641	23,503	-24,981	23,119	-0,001	24,621	23,673	22,515	23,126	23,285	-24,907	23,046	23,603	23,113	23,090	15,216	17,450	1,003	-0,046	1,014	-5,018	-3,991	0,035	-4,992	8,440	1,059	1,717	1,070	1,277	1,068	1,020	1,098	1,077	-14999,876	-2499,586	-61,114	0,958	0,909	9,902	0,000	0,018	9,572	16,504	41,440	23,413	23,406	23,539	1,088	9,016	112,435	999,501	-25,007	2,338	2,260	NaN	0,540	0,000	40,968
09:30:49,969	20,185	23,634	23,508	-24,985	23,190	-0,001	24,678	23,644	22,519	23,155	23,285	-24,928	23,046	23,581	23,138	23,026	15,232	17,407	1,002	-0,028	1,006	-5,017	-3,992	-0,155	-4,993	8,444	1,077	1,725	1,070	1,288	1,081	1,033	1,079	1,084	-15000,979	-2499,233	-62,553	0,977	0,960	9,882	0,000	0,024	9,591	16,463	41,501	23,394	23,511	23,485	0,908	9,039	112,749	1004,308	-25,013	2,333	2,265	NaN	0,544	0,000	41,453
09:30:50,486	20,208	23,641	23,494	-24,937	23,184	-0,001	24,687	23,647	22,535	23,096	23,280	-24,844	23,036	23,586	23,081	23,061	15,201	17,430	1,004	-0,042	1,015	-5,016	-3,991	-0,055	-4,993	8,441	1,050	1,729	1,067	1,280	1,072	1,037	1,074	1,080	-14998,661	-2499,671	-59,737	0,969	0,911	9,888	0,000	0,034	9,591	16,515	41,583	23,406	23,208	23,564	1,042	9,087	112,799	998,973	-25,008	2,335	2,265	NaN	0,540	0,000	41,968
09:30:51,000	20,192	23,616	23,535	-24,957	23,116	-0,001	24,665	23,636	22,505	23,104	23,274	-24,869	23,070	23,636	23,140	23,035	15,261	17,466	0,998	-0,051	1,012	-5,016	-3,991	-0,099	-4,993	8,433	1,058	1,721	1,073	1,282	1,074	1,035	1,069	1,091	-15001,148	-2498,787	-59,104	0,981	0,970	9,874	0,000	0,019	9,596	16,518	41,485	23,436	23,270	23,597	1,047	9,002	112,781	1004,688	-25,005	2,331	2,266	NaN	0,540	0,000	42,468
09:30:51,486	20,186	23,610	23,477	-24,954	23,180	-0,001	24,726	23,648	22,504	23,092	23,297	-24,926	23,028	23,632	23,107	23,093	15,238	17,412	1,000	-0,042	1,004	-5,014	-3,993	0,031	-4,992	8,438	1,066	1,725	1,083	1,273	1,073	1,030	1,068	1,087	-14999,633	-2499,188	-59,145	0,936	0,991	9,866	0,000	0,023	9,602	16,477	41,518	23,451	23,336	23,725	1,031	9,025	112,785	1003,074	-25,014	2,330	2,267	NaN	0,538	0,000	42,984
09:30:52,000	20,212	23,651	23,500	-24,952	23,028	-0,001	24,740	23,678	22,503	23,104	23,254	-24,993	23,071	23,591	23,088	23,038	15,193	17,437	1,005	-0,052	1,012	-5,016	-3,986	0,006	-4,993	8,441	1,072	1,723	1,067	1,289	1,071	1,027	1,090	1,074	-15001,400	-2499,634	-56,150	0,973	0,885	9,850	0,000	0,030	9,606	16,477	41,524	23,475	23,438	23,586	1,069	9,089	112,849	1005,149	-25,007	2,326	2,268	NaN	0,543	0,000	43,468
09:30:52,486	20,168	23,621	23,497	-24,950	23,137	-0,001	24,766	23,664	22,530	23,093	23,280	-24,924	23,047	23,649	23,136	23,049	15,256	17,428	0,999	-0,055	1,007	-5,016	-3,995	-0,112	-4,992	8,430	1,065	1,721	1,079	1,279	1,080	1,032	1,073	1,085	-15002,616	-2499,950	-64,182	0,960	0,917	9,886	0,000	0,024	9,615	16,512	41,518	23,433	23,401	23,808	1,027	9,036	112,522	999,027	-25,010	2,334	2,270	NaN	0,539	0,000	43,968
09:30:53,000	20,181	23,646	23,496	-24,967	23,066	-0,001	24,600	23,663	22,533	23,116	23,246	-24,913	23,045	23,652	23,105	23,035	15,195	17,443	1,005	-0,049	1,012	-5,015	-3,990	0,047	-4,993	8,432	1,061	1,731	1,061	1,282	1,086	1,029	1,061	1,081	-15001,716	-2499,955	-58,537	0,956	0,898	9,860	0,000	0,034	9,614	16,495	41,464	23,416	23,725	23,550	0,998	9,037	112,450	1004,898	-25,011	2,328	2,270	NaN	0,543	0,000	44,468
09:30:53,469	20,191	23,613	23,512	-24,955	23,198	-0,001	24,758	23,648	22,534	23,091	23,301	-24,941	23,050	23,631	23,144	23,048	15,248	17,442	1,006	-0,053	1,013	-5,018	-3,992	-0,011	-4,991	8,432	1,068	1,723	1,078	1,277	1,098	1,023	1,058	1,094	-15001,708	-2499,736	-65,475	0,970	0,956	9,845	0,000	0,029	9,615	16,457	41,540	23,479	23,495	23,589	0,952	9,041	112,829	995,850	-25,011	2,324	2,270	NaN	0,537	0,000	44,984
09:30:53,969	20,196	23,666	23,494	-24,964	23,110	-0,001	24,764	23,661	22,521	23,073	23,269	-24,968	23,052	23,633	23,049	23,105	15,248	17,388	1,009	-0,056	1,021	-5,016	-3,993	0,026	-4,993	8,436	1,058	1,722	1,069	1,263	1,077	1,047	1,072	1,086	-15002,292	-2499,561	-65,268	0,957	0,970	9,829	0,000	0,026	9,621	16,476	41,451	23,445	23,555	23,545	1,039	9,018	112,865	1004,419	-25,008	2,321	2,272	NaN	0,545	0,000	45,468
09:30:54,453	20,213	23,598	23,532	-24,963	23,195	-0,001	24,806	23,642	22,509	23,104	23,303	-24,884	23,061	23,637	23,139	23,076	15,266	17,440	0,995	-0,047	1,008	-5,016	-3,992	-0,036	-4,991	8,445	1,066	1,711	1,075	1,267	1,083	1,031	1,077	1,093	-14998,733	-2500,303	-65,811	0,963	0,957	9,866	0,000	0,026	9,622	16,451	41,459	23,421	23,337	23,551	1,037	8,988	112,753	994,745	-25,009	2,330	2,272	NaN	0,540	0,000	45,953
09:30:54,969	20,196	23,608	23,491	-24,936	23,149	-0,001	24,810	23,667	22,515	23,097	23,251	-24,938	23,041	23,598	23,138	23,067	15,249	17,448	1,002	-0,055	1,016	-5,014	-3,990	0,005	-4,992	8,443	1,071	1,734	1,064	1,286	1,084	1,033	1,062	1,079	-15000,411	-2499,123	-62,010	0,972	0,939	9,864	0,000	0,025	9,631	16,482	41,553	23,408	23,385	23,555	1,042	9,048	113,261	1002,850	-25,010	2,329	2,274	NaN	0,542	0,000	46,453
09:30:55,486	20,190	23,635	23,480	-24,965	23,210	-0,001	24,796	23,643	22,498	23,119	23,299	-24,968	23,033	23,640	23,130	23,041	15,209	17,405	1,006	-0,053	1,018	-5,017	-3,993	-0,053	-4,990	8,437	1,077	1,717	1,077	1,272	1,064	1,035	1,079	1,083	-15001,465	-2500,380	-55,392	0,935	0,917	9,839	0,000	0,022	9,617	16,503	41,508	23,404	23,279	23,511	1,038	9,027	112,814	997,426	-25,010	2,323	2,271	NaN	0,541	0,000	46,968
09:30:56,000	20,153	23,631	23,498	-24,952	23,127	-0,001	24,802	23,645	22,525	23,101	23,288	-24,985	23,045	23,599	23,108	23,054	15,270	17,426	1,002	-0,043	1,015	-5,014	-3,992	-0,059	-4,994	8,441	1,063	1,722	1,095	1,278	1,070	1,015	1,078	1,072	-15001,359	-2500,806	-58,902	0,949	0,774	9,861	0,000	0,025	9,616	16,412	41,507	23,428	23,468	23,519	1,064	9,038	113,363	1001,115	-25,008	2,328	2,271	NaN	0,543	0,000	47,453
09:30:56,486	20,160	23,655	23,545	-24,966	23,260	-0,001	24,669	23,642	22,520	23,085	23,271	-24,927	23,049	23,594	23,133	23,079	15,232	17,432	0,996	-0,049	1,006	-5,017	-3,998	0,021	-4,992	8,434	1,068	1,716	1,081	1,281	1,079	1,017	1,092	1,077	-15001,376	-2499,837	-54,339	0,964	0,950	9,873	0,000	0,028	9,620	16,485	41,503	23,443	23,304	23,553	1,056	9,035	112,672	997,997	-25,006	2,331	2,271	NaN	0,542	0,000	47,984
09:30:57,000	20,203	23,662	23,541	-24,950	23,035	-0,001	24,798	23,699	22,527	23,125	23,263	-24,909	23,050	23,612	23,066	23,052	15,261	17,440	1,005	-0,053	1,008	-5,016	-3,987	-0,004	-4,992	8,439	1,071	1,740	1,060	1,283	1,075	1,051	1,071	1,066	-15001,943	-2500,011	-58,614	0,976	0,952	9,866	0,000	0,037	9,621	16,456	41,437	23,384	23,354	23,555	0,963	9,045	113,596	1000,261	-25,011	2,329	2,272	NaN	0,541	0,000	48,468
09:30:57,486	20,154	23,634	23,458	-24,959	23,266	-0,001	24,782	23,621	22,546	23,125	23,305	-24,925	23,054	23,705	23,105	23,066	15,244	17,393	0,998	-0,037	1,010	-5,017	-3,994	0,010	-4,992	8,449	1,065	1,729	1,068	1,283	1,076	1,034	1,065	1,097	-15000,695	-2499,217	-60,332	0,952	0,901	9,857	0,000	0,014	9,630	16,506	41,458	23,429	23,234	23,397	0,927	9,029	112,262	1000,843	-25,005	2,327	2,274	NaN	0,542	0,000	48,984
09:30:58,000	20,218	23,635	23,536	-24,937	23,199	-0,001	24,944	23,605	22,534	23,093	23,271	-24,992	23,068	23,682	23,077	23,078	15,237	17,424	1,002	-0,039	0,999	-5,016	-3,984	-0,048	-4,992	8,446	1,062	1,725	1,071	1,287	1,073	1,033	1,076	1,092	-15000,995	-2499,663	-59,275	0,989	0,971	9,873	0,000	0,026	9,620	16,472	41,467	23,399	23,262	23,593	1,045	9,033	112,224	1000,218	-25,012	2,331	2,271	NaN	0,540	0,000	49,468
09:30:58,469	20,174	23,605	23,540	-24,987	23,154	-0,001	24,763	23,631	22,559	23,071	23,289	-24,946	23,053	23,675	23,119	23,094	15,252	17,418	0,997	-0,052	1,011	-5,017	-3,993	-0,018	-4,993	8,449	1,065	1,711	1,063	1,293	1,080	1,027	1,082	1,084	-15003,045	-2498,840	-58,407	0,958	0,869	9,879	0,000	0,025	9,620	16,450	41,504	23,406	23,370	23,580	1,040	9,098	112,210	1004,214	-25,013	2,333	2,271	NaN	0,539	0,000	49,984
09:30:58,986	20,191	23,619	23,494	-24,973	23,205	-0,001	24,759	23,599	22,512	23,067	23,330	-24,921	23,081	23,665	23,191	23,117	15,276	17,420	1,008	-0,050	1,015	-5,016	-3,989	-0,014	-4,993	8,452	1,068	1,737	1,072	1,276	1,078	1,019	1,081	1,085	-15000,890	-2500,502	-62,768	0,969	0,952	9,851	0,000	0,021	9,620	16,498	41,499	23,444	23,485	23,592	1,041	9,083	112,920	1003,796	-25,013	2,326	2,271	NaN	0,538	0,000	50,468
09:30:59,486	20,136	23,622	23,511	-24,975	23,144	-0,001	24,730	23,660	22,508	23,038	23,311	-24,894	23,080	23,663	23,164	23,075	15,276	17,398	0,999	-0,042	1,013	-5,020	-3,993	0,032	-4,992	8,446	1,067	1,715	1,075	1,276	1,082	1,029	1,075	1,082	-15001,684	-2499,537	-60,259	0,959	0,977	9,854	0,000	0,024	9,616	16,505	41,495	23,507	23,397	23,615	1,018	9,038	112,782	1006,146	-25,000	2,327	2,270	NaN	0,542	0,000	50,968
09:31:00,016	20,202	23,651	23,507	-25,001	23,213	-0,001	24,790	23,669	22,528	23,103	23,301	-24,853	23,117	23,707	23,078	23,069	15,250	17,400	0,998	-0,044	1,012	-5,018	-3,990	0,064	-4,993	8,441	1,072	1,725	1,076	1,284	1,070	1,036	1,063	1,089	-15001,659	-2498,540	-63,335	0,961	0,890	9,869	0,000	0,018	9,622	16,490	41,550	23,407	23,577	23,568	1,020	9,076	113,365	999,342	-25,003	2,330	2,272	NaN	0,541	0,000	51,468
09:31:00,532	20,181	23,622	23,590	-25,002	23,141	-0,001	24,771	23,609	22,512	23,076	23,303	-24,891	23,070	23,612	23,103	23,081	15,207	17,430	1,004	-0,058	1,014	-5,017	-3,987	-0,005	-4,993	8,433	1,065	1,718	1,070	1,297	1,062	1,034	1,071	1,087	-15003,207	-2498,759	-58,586	0,977	0,948	9,878	0,000	0,020	9,614	16,435	41,477	23,424	23,424	23,555	1,059	8,960	113,242	1002,228	-25,012	2,332	2,270	NaN	0,541	0,000	52,015
09:31:01,047	20,159	23,656	23,499	-24,976	23,166	-0,001	24,986	23,645	22,495	23,103	23,311	-24,986	23,083	23,647	23,148	23,066	15,268	17,435	0,998	-0,051	1,018	-5,017	-3,993	0,053	-4,991	8,435	1,059	1,726	1,075	1,277	1,071	1,033	1,079	1,081	-15001,084	-2499,573	-56,519	0,988	0,969	9,857	0,000	0,023	9,624	16,560	41,446	23,367	23,445	23,604	1,040	9,047	113,344	1000,687	-25,009	2,327	2,272	NaN	0,540	0,000	52,500
09:31:01,532	20,182	23,678	23,525	-24,954	23,179	-0,001	24,807	23,658	22,495	23,120	23,296	-24,951	23,068	23,675	23,105	23,075	15,263	17,441	0,998	-0,055	1,011	-5,017	-3,987	0,009	-4,992	8,439	1,053	1,703	1,074	1,282	1,094	1,023	1,057	1,090	-15001,449	-2499,407	-60,806	0,999	0,915	9,865	0,000	0,032	9,615	16,434	41,534	23,453	23,353	23,542	1,022	9,032	113,019	1003,920	-25,007	2,329	2,270	NaN	0,542	0,000	53,031
09:31:02,047	20,145	23,665	23,509	-24,942	23,162	-0,001	24,691	23,648	22,493	23,064	23,304	-24,953	23,058	23,636	23,137	23,046	15,261	17,421	0,999	-0,038	1,020	-5,016	-3,995	0,097	-4,992	8,451	1,060	1,728	1,066	1,273	1,077	1,037	1,073	1,089	-15001,263	-2499,010	-66,281	0,951	0,987	9,860	0,000	0,024	9,633	16,533	41,512	23,389	23,392	23,573	1,032	8,980	113,216	999,016	-25,010	2,328	2,275	NaN	0,541	0,000	53,515
09:31:02,516	20,123	23,607	23,541	-24,970	23,136	-0,001	24,738	23,683	22,508	23,043	23,307	-24,957	23,099	23,676	23,121	23,143	15,290	17,453	1,003	-0,062	1,004	-5,018	-3,989	-0,135	-4,993	8,434	1,056	1,715	1,081	1,279	1,079	1,027	1,084	1,070	-15001,603	-2499,156	-62,731	0,964	0,937	9,857	0,000	0,026	9,612	16,528	41,472	23,389	23,409	23,632	1,005	9,068	113,583	1000,328	-25,009	2,327	2,270	NaN	0,546	0,000	54,015
09:31:03,032	20,135	23,631	23,497	-24,947	23,175	-0,001	24,789	23,666	22,512	23,071	23,326	-24,945	23,046	23,680	23,100	23,037	15,245	17,499	0,978	-0,038	1,015	-5,017	-3,991	-0,093	-4,991	8,433	1,072	1,702	1,075	1,278	1,071	1,027	1,070	1,086	-14999,974	-2499,326	-65,215	1,015	0,896	9,875	0,000	0,027	9,608	16,588	41,519	23,373	23,364	23,574	1,068	9,086	113,277	993,985	-25,016	2,332	2,269	NaN	0,539	0,000	54,500
09:31:03,391	20,175	23,639	23,507	-24,955	23,167	-0,001	24,757	23,620	22,514	23,017	23,275	-24,996	23,053	23,692	23,155	23,040	15,241	17,453	0,992	-0,039	1,005	-5,016	-3,989	-0,007	-4,992	8,441	1,057	1,717	1,083	1,278	1,084	1,029	1,067	1,101	-15003,507	-2500,380	-55,372	0,961	0,846	9,852	0,000	0,030	9,613	16,489	41,528	23,414	23,021	23,591	1,007	9,034	112,212	1003,174	-25,010	2,326	2,270	NaN	0,543	0,000	55,015
09:31:03,938	20,191	23,683	23,506	-24,956	23,149	-0,001	24,798	23,678	22,494	23,009	23,273	-24,915	23,054	23,685	23,136	23,077	15,245	17,401	0,993	-0,054	1,010	-5,018	-3,992	-0,013	-4,991	8,434	1,064	1,714	1,068	1,278	1,080	1,022	1,077	1,076	-15002,511	-2500,210	-59,461	0,960	1,015	9,853	0,000	0,024	9,607	16,473	41,537	23,402	23,305	23,459	1,013	9,022	112,449	997,100	-25,009	2,326	2,268	NaN	0,540	0,000	55,390
09:31:04,375	20,144	23,673	23,473	-24,878	23,142	-0,001	24,799	23,596	22,495	23,044	23,318	-24,943	23,114	23,679	23,112	23,100	15,287	17,439	1,009	-0,052	1,011	-5,017	-3,992	0,074	-4,990	8,437	1,072	1,738	1,073	1,290	1,071	1,040	1,090	1,082	-15003,005	-2499,829	-60,620	0,952	0,982	9,872	0,000	0,024	9,600	16,473	41,426	23,408	23,500	23,548	1,057	9,131	113,029	1003,548	-25,009	2,331	2,267	NaN	0,545	0,000	55,921
09:31:04,891	20,186	23,637	23,490	-24,957	23,208	-0,001	24,856	23,665	22,540	23,010	23,346	-24,951	23,026	23,687	23,102	23,043	15,228	17,443	1,001	-0,053	1,010	-5,017	-3,993	-0,010	-4,992	8,452	1,061	1,713	1,075	1,292	1,087	1,041	1,067	1,073	-15002,859	-2499,594	-55,652	0,962	1,034	9,876	0,000	0,026	9,600	16,468	41,445	23,438	23,395	23,576	1,035	9,030	112,930	996,028	-25,008	2,332	2,267	NaN	0,540	0,000	56,359
09:31:05,407	20,136	23,646	23,479	-24,955	23,229	-0,001	24,851	23,627	22,526	23,027	23,280	-24,949	23,022	23,670	23,105	23,100	15,256	17,424	1,016	-0,045	1,011	-5,014	-3,992	-0,076	-4,992	8,442	1,074	1,714	1,074	1,271	1,067	1,034	1,084	1,084	-15000,306	-2499,322	-58,533	0,950	0,953	9,866	0,000	0,026	9,606	16,459	41,526	23,392	23,372	23,622	1,036	9,067	112,962	1004,109	-25,011	2,329	2,268	NaN	0,542	0,000	56,875
09:31:05,907	20,166	23,687	23,505	-24,932	23,191	-0,001	24,837	23,635	22,514	23,032	23,304	-24,965	23,064	23,650	23,108	23,031	15,253	17,429	1,000	-0,047	1,017	-5,016	-3,992	0,004	-4,990	8,432	1,065	1,716	1,081	1,280	1,084	1,030	1,065	1,088	-15002,818	-2499,963	-58,399	0,968	0,674	9,853	0,000	0,019	9,598	16,477	41,530	23,399	23,362	23,559	1,010	9,036	113,204	998,747	-25,009	2,326	2,266	NaN	0,539	0,000	57,390
09:31:06,391	20,152	23,613	23,488	-24,922	23,086	-0,001	24,793	23,646	22,527	23,036	23,374	-24,832	23,032	23,666	23,137	23,091	15,216	17,431	1,012	-0,047	1,011	-5,015	-3,988	-0,054	-4,990	8,435	1,067	1,700	1,077	1,288	1,079	1,033	1,080	1,074	-15002,138	-2499,598	-59,842	0,971	0,807	9,860	0,000	0,029	9,609	16,467	41,437	23,438	23,467	23,483	1,094	9,013	112,698	1004,869	-25,016	2,328	2,269	NaN	0,541	0,000	57,890
09:31:06,891	20,184	23,638	23,528	-24,935	23,183	-0,001	24,773	23,631	22,531	23,007	23,341	-24,918	23,080	23,714	23,108	23,078	15,218	17,419	0,996	-0,048	1,013	-5,019	-3,989	-0,005	-4,990	8,440	1,073	1,714	1,085	1,296	1,077	1,033	1,070	1,071	-15001,684	-2499,942	-50,696	0,962	0,930	9,864	0,000	0,027	9,598	16,512	41,535	23,407	23,405	23,717	1,041	9,048	112,577	1000,832	-25,012	2,329	2,266	NaN	0,543	0,000	58,375
09:31:07,391	20,177	23,621	23,486	-24,941	23,222	-0,001	24,776	23,648	22,507	23,043	23,325	-24,919	23,105	23,728	23,153	23,072	15,239	17,471	1,004	-0,058	1,018	-5,016	-3,988	-0,039	-4,994	8,449	1,065	1,707	1,075	1,274	1,068	1,030	1,078	1,080	-15003,475	-2499,448	-68,109	0,991	0,767	9,873	0,000	0,025	9,612	16,551	41,546	23,381	23,364	23,582	1,047	9,059	113,104	998,569	-25,009	2,331	2,269	NaN	0,544	0,000	58,875
09:31:07,907	20,175	23,642	23,604	-24,952	23,092	-0,001	24,881	23,647	22,552	23,074	23,354	-24,866	23,062	23,709	23,124	23,102	15,274	17,423	1,004	-0,043	1,022	-5,016	-3,986	-0,053	-4,994	8,448	1,060	1,718	1,072	1,285	1,071	1,032	1,077	1,072	-15001,595	-2499,375	-60,721	0,947	0,895	9,876	0,000	0,023	9,602	16,494	41,409	23,464	23,445	23,779	1,026	9,176	112,643	997,213	-25,009	2,332	2,267	NaN	0,542	0,000	59,375
09:31:08,391	20,189	23,625	23,483	-24,930	23,149	-0,001	24,715	23,657	22,513	23,077	23,317	-24,964	23,067	23,679	23,141	23,101	15,266	17,452	0,998	-0,045	1,015	-5,016	-3,993	-0,019	-4,992	8,443	1,067	1,731	1,075	1,269	1,061	1,030	1,078	1,092	-14999,666	-2499,427	-57,236	0,989	1,063	9,865	0,000	0,022	9,605	16,397	41,506	23,469	23,435	23,578	0,995	9,031	112,920	1000,398	-25,011	2,329	2,268	NaN	0,541	0,000	59,890
09:31:08,907	20,263	23,671	23,500	-24,964	23,172	-0,001	24,803	23,607	22,553	23,083	23,300	-24,927	23,034	23,663	23,122	23,124	15,207	17,426	1,007	-0,051	1,011	-5,014	-3,993	-0,007	-4,992	8,431	1,063	1,726	1,073	1,275	1,069	1,012	1,073	1,083	-15002,283	-2498,981	-69,653	0,969	1,010	9,847	0,000	0,023	9,611	16,534	41,508	23,398	23,440	23,628	1,060	9,105	112,561	1000,056	-25,006	2,325	2,269	NaN	0,538	0,000	60,375
