26.01.2022	Weißöl/LuftZeit	TIT-01b	TIT-02a	TIT-02b	TIT-03a	TIT-03b	TIT-04a	TIT-04b	TIT-05	TIT-06	TIT-07	TIT-08	TIT-11	TIT-13	TIT-14	TIT-15	TIT-16	TITC-1	TITC-2	PIT-01	PIT-02	PIT-03a	leer	PIT-04a E+H abs	PIT-04b	PIT-04c	PIT-05	PIT-06	PIT-07	PIT-08	PIT-09	PIT-10	PIT-11	PIT-13	PIT-14	PDI-04 [Pa] 	leer	PDI-01 [Pa]	PIT-03b [Pa]	FIT-001[m³/h]	FIT-002 [m³/h]	FIT-003 [m³/h]	FIT-004 [m³/h]	FIT-005 [m³/h]	LIT-001	LIT-002	LIT-004	TMMP-1	TMMP-2	PMMP-1	PMMP-2	M(MPP)	n(MPP)	LIT(MPP)	M_dot (FIT002) [kg/s]	M_dot (FIT005) [kg/s]	eta_th	eta_vol	alpha	Vestrichene Zeit10:18:06,486	20,299	23,759	23,619	-24,981	23,656	-0,001	24,993	23,917	22,692	22,879	22,972	-24,942	22,967	23,742	22,828	22,967	15,171	16,330	1,004	-0,046	1,069	-5,018	-3,992	0,001	-4,997	8,650	1,748	1,513	1,111	1,309	1,111	1,082	1,113	1,117	-15005,201	-2498,896	-55,429	1,049	1,032	3,841	5,618	0,720	3,455	14,322	41,684	26,416	23,829	25,174	1,033	9,020	107,819	1001,150	-25,009	0,907	0,816	NaN	0,523	0,593	0,000
10:18:07,000	20,222	23,768	23,538	-24,919	23,693	-0,001	24,985	23,875	22,670	22,904	22,951	-24,907	22,975	23,759	22,822	22,938	15,203	16,325	0,998	-0,044	1,076	-5,018	-3,993	-0,014	-4,992	8,651	1,741	1,496	1,121	1,305	1,130	1,071	1,133	1,124	-15002,154	-2500,806	-59,757	1,029	1,017	3,823	5,562	0,713	3,476	14,361	41,691	26,440	23,782	24,832	0,956	9,020	108,033	1000,741	-25,019	0,903	0,821	NaN	0,523	0,598	0,438
10:18:07,532	20,260	23,758	23,596	-24,911	23,628	-0,001	24,989	23,878	22,745	22,925	22,972	-24,919	22,950	23,777	22,861	23,011	15,167	16,303	1,027	-0,042	1,062	-5,014	-3,991	0,004	-4,993	8,653	1,749	1,507	1,116	1,316	1,106	1,080	1,113	1,122	-15000,055	-2499,354	-58,043	1,050	1,013	3,772	5,617	0,726	3,471	14,315	41,628	26,474	23,938	24,687	0,959	8,983	106,996	1000,423	-25,010	0,891	0,820	NaN	0,520	0,599	0,969
10:18:08,047	20,239	23,783	23,569	-25,001	23,671	-0,001	24,855	23,843	22,696	22,977	22,969	-24,910	22,999	23,790	22,857	22,926	15,171	16,261	1,004	-0,064	1,066	-5,016	-3,993	-0,044	-4,990	8,659	1,739	1,503	1,127	1,314	1,122	1,089	1,111	1,126	-15002,892	-2500,064	-87,131	1,056	0,942	3,765	5,618	0,729	3,483	14,356	41,647	26,477	23,785	24,765	1,006	8,925	106,562	1004,066	-25,012	0,889	0,822	NaN	0,523	0,599	1,500
10:18:08,547	20,216	23,717	23,587	-24,986	23,691	-0,001	25,063	23,851	22,712	22,907	22,973	-25,052	22,988	23,744	22,841	22,920	15,224	16,279	1,008	-0,045	1,061	-5,016	-3,995	0,056	-4,991	8,652	1,747	1,509	1,119	1,305	1,117	1,072	1,108	1,121	-15003,799	-2499,541	-68,364	1,055	0,928	3,768	5,622	0,737	3,476	14,312	41,691	26,475	24,074	24,731	1,015	8,981	106,928	999,708	-25,013	0,890	0,821	NaN	0,522	0,596	2,031
10:18:09,032	20,237	23,770	23,588	-24,988	23,575	-0,001	24,982	23,844	22,702	22,927	22,972	-25,054	22,970	23,752	22,860	22,937	15,158	16,275	1,014	-0,056	1,059	-5,016	-3,992	-0,011	-4,992	8,648	1,739	1,529	1,119	1,292	1,123	1,077	1,106	1,118	-15001,610	-2499,103	-66,613	1,030	0,995	3,802	5,616	0,737	3,476	14,372	41,674	26,507	24,139	24,752	0,904	8,971	106,414	1003,486	-25,010	0,898	0,821	NaN	0,525	0,594	2,516
10:18:09,532	20,202	23,782	23,637	-24,964	23,658	-0,001	24,945	23,886	22,699	22,869	22,974	-24,949	22,965	23,782	22,863	22,922	15,209	16,305	1,004	-0,048	1,056	-5,017	-3,992	-0,019	-4,993	8,644	1,751	1,516	1,120	1,314	1,126	1,075	1,126	1,124	-15001,092	-2499,594	-67,104	1,024	0,952	3,800	5,554	0,753	3,478	14,277	41,633	26,424	23,678	24,699	0,966	9,022	107,624	998,620	-25,009	0,897	0,821	NaN	0,521	0,593	3,000
10:18:10,032	20,211	23,755	23,659	-24,956	23,661	-0,001	24,968	23,871	22,701	22,884	22,963	-24,895	23,000	23,791	22,906	22,922	15,211	16,290	1,007	-0,041	1,067	-5,018	-3,988	-0,008	-4,990	8,653	1,756	1,520	1,114	1,310	1,127	1,078	1,120	1,127	-15002,049	-2499,492	-54,181	1,039	0,774	3,822	5,576	0,724	3,479	14,327	41,720	26,464	23,777	24,742	0,919	8,962	106,566	1005,052	-25,010	0,902	0,821	NaN	0,524	0,595	3,500
10:18:10,516	20,215	23,753	23,685	-24,938	23,552	-0,001	24,975	23,872	22,663	22,930	22,943	-24,930	22,973	23,778	22,916	22,955	15,168	16,368	0,997	-0,056	1,062	-5,017	-3,991	0,014	-4,994	8,651	1,732	1,517	1,124	1,308	1,118	1,078	1,103	1,141	-15001,060	-2500,271	-53,524	1,048	0,935	3,823	5,609	0,727	3,472	14,294	41,718	26,409	23,686	24,745	0,992	8,988	107,306	1000,317	-25,010	0,903	0,820	NaN	0,520	0,597	4,000
10:18:11,016	20,239	23,796	23,699	-24,890	23,646	-0,001	24,938	23,869	22,691	22,912	22,951	-24,911	23,002	23,812	22,952	22,959	15,183	16,308	1,007	-0,042	1,063	-5,016	-3,988	0,080	-4,991	8,639	1,760	1,517	1,117	1,305	1,120	1,068	1,117	1,124	-15001,514	-2499,448	-56,142	1,012	0,920	3,771	5,583	0,730	3,472	14,381	41,719	26,484	23,852	24,746	1,042	9,025	107,460	1003,969	-25,016	0,890	0,820	NaN	0,520	0,602	4,485
10:18:11,486	20,233	23,764	23,697	-24,943	23,615	-0,001	24,988	23,830	22,675	22,913	22,912	-24,922	22,990	23,816	22,948	22,938	15,213	16,294	1,010	-0,032	1,057	-5,018	-3,994	-0,003	-4,994	8,656	1,743	1,519	1,103	1,304	1,123	1,075	1,102	1,127	-15001,992	-2499,731	-59,712	1,008	1,031	3,725	5,624	0,736	3,479	14,341	41,689	26,472	23,822	24,843	1,002	8,996	107,523	1000,377	-25,014	0,880	0,821	NaN	0,521	0,599	4,985
10:18:12,016	20,228	23,755	23,703	-24,926	23,677	-0,001	24,988	23,884	22,700	22,910	22,967	-24,920	22,940	23,809	22,961	22,977	15,210	16,270	1,004	-0,048	1,054	-5,015	-3,999	-0,030	-4,994	8,644	1,746	1,525	1,111	1,327	1,118	1,070	1,100	1,130	-15001,311	-2499,229	-56,693	1,049	0,937	3,772	5,624	0,719	3,478	14,284	41,670	26,484	23,792	24,685	1,018	9,037	107,479	1003,066	-25,010	0,891	0,821	NaN	0,523	0,596	5,469
10:18:12,486	20,228	23,762	23,707	-24,955	23,616	-0,001	25,026	23,832	22,714	22,893	22,951	-24,946	22,964	23,832	23,016	22,939	15,198	16,282	1,004	-0,042	1,061	-5,016	-3,991	-0,000	-4,989	8,652	1,759	1,522	1,119	1,322	1,120	1,074	1,102	1,140	-15002,202	-2499,675	-52,604	1,058	1,007	3,798	5,613	0,743	3,468	14,297	41,699	26,437	23,908	24,876	1,008	8,967	107,070	1000,193	-25,011	0,897	0,819	NaN	0,522	0,593	5,985
10:18:12,986	20,238	23,765	23,695	-24,987	23,574	-0,001	24,963	23,887	22,702	22,938	22,949	-24,932	22,972	23,815	22,995	22,973	15,199	16,302	1,007	-0,060	1,063	-5,016	-3,993	-0,049	-4,991	8,642	1,752	1,523	1,110	1,322	1,117	1,071	1,116	1,122	-15003,767	-2499,083	-47,543	1,048	0,839	3,828	5,575	0,729	3,472	14,305	41,639	26,439	24,114	24,891	0,977	9,042	107,225	1004,049	-25,015	0,904	0,820	NaN	0,522	0,598	6,469
10:18:13,486	20,196	23,786	23,671	-24,933	23,661	-0,001	24,980	23,880	22,687	22,931	22,972	-24,923	22,998	23,823	22,980	22,984	15,198	16,294	1,009	-0,045	1,061	-5,017	-3,990	0,026	-4,992	8,656	1,736	1,507	1,123	1,312	1,126	1,073	1,109	1,121	-15000,743	-2499,772	-56,600	1,037	0,980	3,761	5,600	0,735	3,464	14,314	41,661	26,402	23,853	24,795	0,977	9,012	107,842	998,940	-25,002	0,888	0,818	NaN	0,519	0,599	6,969
10:18:14,016	20,233	23,750	23,696	-24,965	23,853	-0,001	25,013	23,870	22,731	22,959	23,007	-24,955	22,955	23,774	22,981	22,961	15,234	16,279	1,013	-0,059	1,066	-5,018	-3,994	-0,015	-4,991	8,652	1,743	1,504	1,141	1,298	1,129	1,088	1,103	1,125	-15000,922	-2500,076	-61,751	1,037	1,033	3,767	5,621	0,713	3,472	14,312	41,721	26,417	23,823	24,806	1,033	8,976	107,133	1002,958	-25,012	0,889	0,820	NaN	0,521	0,604	7,469
10:18:14,516	20,200	23,750	23,675	-24,956	23,595	-0,001	24,975	23,839	22,692	22,953	22,993	-24,985	23,000	23,781	23,004	22,938	15,248	16,301	1,006	-0,048	1,056	-5,018	-3,990	-0,024	-4,995	8,651	1,748	1,526	1,113	1,299	1,125	1,081	1,097	1,128	-15001,627	-2498,945	-61,382	1,059	0,924	3,700	5,640	0,717	3,477	14,283	41,663	26,474	23,916	24,812	1,120	8,978	107,732	995,729	-25,013	0,874	0,821	NaN	0,522	0,595	7,985
10:18:15,016	20,219	23,752	23,711	-24,963	23,595	-0,001	25,008	23,877	22,724	22,933	22,954	-24,938	22,980	23,812	23,035	22,946	15,225	16,305	1,012	-0,038	1,059	-5,018	-3,990	0,015	-4,992	8,635	1,749	1,515	1,113	1,315	1,102	1,067	1,115	1,131	-15002,081	-2501,074	-70,066	1,047	0,946	3,791	5,577	0,740	3,471	14,296	41,640	26,449	23,863	24,803	0,988	8,990	107,578	1000,692	-25,010	0,895	0,820	NaN	0,524	0,596	8,485
10:18:15,516	20,203	23,779	23,706	-24,974	23,595	-0,001	25,000	23,905	22,700	22,940	22,971	-24,904	23,001	23,762	22,964	22,927	15,197	16,349	1,007	-0,053	1,060	-5,016	-3,997	-0,060	-4,993	8,648	1,748	1,514	1,117	1,304	1,123	1,090	1,120	1,140	-15003,231	-2500,093	-71,355	1,030	0,920	3,772	5,570	0,733	3,472	14,281	41,591	26,476	23,873	24,826	0,988	8,953	107,741	996,373	-25,007	0,891	0,820	NaN	0,520	0,599	8,985
10:18:16,016	20,258	23,772	23,730	-24,948	23,805	-0,001	25,055	23,832	22,702	22,944	23,029	-24,924	22,970	23,732	23,025	22,971	15,216	16,287	0,999	-0,047	1,061	-5,016	-3,993	0,012	-4,992	8,637	1,750	1,516	1,120	1,302	1,127	1,083	1,101	1,115	-15002,356	-2499,290	-54,383	1,042	0,816	3,754	5,603	0,741	3,480	14,318	41,660	26,462	24,081	24,689	1,003	8,984	108,309	999,135	-25,011	0,886	0,822	NaN	0,520	0,597	9,485
10:18:16,486	20,200	23,711	23,720	-24,956	23,658	-0,001	24,976	23,875	22,710	22,907	22,979	-24,904	23,042	23,737	22,996	22,957	15,144	16,260	1,005	-0,057	1,063	-5,015	-3,997	-0,024	-4,994	8,651	1,743	1,519	1,121	1,307	1,118	1,074	1,107	1,145	-14998,799	-2499,557	-63,481	1,090	1,040	3,776	5,584	0,739	3,461	14,310	41,676	26,440	23,776	24,725	1,017	9,059	107,248	1000,266	-25,008	0,892	0,817	NaN	0,523	0,590	9,985
10:18:17,016	20,232	23,780	23,719	-24,935	23,610	-0,001	25,019	23,853	22,662	22,904	22,974	-24,884	22,987	23,765	23,005	22,974	15,159	16,326	1,003	-0,048	1,068	-5,015	-3,995	-0,015	-4,993	8,648	1,755	1,515	1,113	1,326	1,118	1,074	1,117	1,151	-15000,792	-2499,204	-62,804	1,065	0,989	3,857	5,557	0,747	3,461	14,297	41,753	26,452	23,800	24,867	1,007	9,081	106,481	1002,920	-25,014	0,911	0,817	NaN	0,527	0,589	10,469
10:18:17,486	20,196	23,753	23,692	-24,972	23,646	-0,001	25,097	23,867	22,722	22,924	22,960	-24,948	22,998	23,787	22,983	22,992	15,173	16,331	1,013	-0,048	1,057	-5,015	-3,991	-0,074	-4,992	8,646	1,739	1,514	1,118	1,310	1,120	1,077	1,107	1,113	-15001,433	-2500,376	-66,054	1,094	0,941	3,909	5,599	0,761	3,472	14,284	41,702	26,465	23,696	24,741	1,017	8,968	107,073	1004,098	-25,011	0,923	0,820	NaN	0,527	0,592	10,969
10:18:18,016	20,229	23,779	23,686	-24,973	23,652	-0,001	25,029	23,894	22,750	22,947	22,972	-24,903	23,002	23,757	22,980	22,905	15,205	16,284	0,996	-0,033	1,063	-5,017	-3,990	0,003	-4,995	8,643	1,759	1,507	1,110	1,300	1,134	1,080	1,116	1,129	-15001,425	-2498,977	-58,302	1,062	0,897	3,854	5,594	0,762	3,470	14,342	41,637	26,475	23,934	24,787	1,009	9,035	107,624	999,773	-25,010	0,910	0,819	NaN	0,523	0,597	11,469
10:18:18,486	20,227	23,769	23,669	-24,932	23,657	-0,001	25,085	23,842	22,686	22,963	22,980	-24,910	22,982	23,740	23,037	22,964	15,205	16,254	0,995	-0,030	1,064	-5,015	-3,988	-0,001	-4,991	8,649	1,750	1,517	1,122	1,311	1,110	1,063	1,122	1,127	-15002,413	-2497,534	-73,519	1,068	0,924	3,791	5,626	0,734	3,466	14,259	41,759	26,457	23,867	24,664	0,997	9,020	107,125	1005,195	-25,010	0,895	0,818	NaN	0,522	0,607	11,969
10:18:19,016	20,239	23,827	23,671	-24,960	23,682	-0,001	25,019	23,882	22,754	22,929	23,024	-24,936	22,999	23,773	22,978	22,968	15,155	16,319	1,012	-0,052	1,062	-5,016	-3,992	0,018	-4,994	8,649	1,754	1,500	1,111	1,307	1,130	1,069	1,096	1,135	-14999,934	-2499,926	-69,296	1,056	0,958	3,701	5,716	0,725	3,486	14,335	41,695	26,440	23,790	24,785	0,912	8,971	107,351	1000,193	-25,013	0,874	0,823	NaN	0,523	0,605	12,469
10:18:19,486	20,244	23,782	23,704	-24,959	23,595	-0,001	25,196	23,842	22,697	22,967	22,970	-24,959	22,987	23,753	22,983	22,979	15,203	16,288	1,009	-0,028	1,068	-5,016	-3,995	-0,049	-4,993	8,649	1,729	1,508	1,117	1,304	1,108	1,084	1,099	1,132	-15001,197	-2498,430	-69,511	1,034	0,959	3,740	5,727	0,716	3,467	14,342	41,713	26,442	23,789	24,786	0,924	9,013	107,874	1002,462	-25,007	0,883	0,819	NaN	0,528	0,602	12,985
10:18:19,986	20,285	23,789	23,656	-24,927	23,620	-0,001	24,960	23,862	22,725	22,950	23,003	-24,916	22,987	23,759	22,990	22,972	15,155	16,297	1,016	-0,055	1,060	-5,017	-3,989	-0,052	-4,993	8,651	1,743	1,515	1,111	1,289	1,119	1,058	1,108	1,128	-14999,609	-2498,852	-57,094	1,028	0,949	3,751	5,683	0,730	3,470	14,275	41,669	26,424	23,831	24,976	1,004	8,986	107,721	995,801	-25,005	0,886	0,819	NaN	0,520	0,603	13,453
10:18:20,469	20,307	23,796	23,678	-24,959	23,567	-0,001	25,006	23,858	22,701	22,919	22,937	-24,903	22,995	23,798	23,012	22,968	15,195	16,258	1,007	-0,056	1,069	-5,018	-3,992	-0,008	-4,993	8,646	1,749	1,508	1,115	1,326	1,106	1,078	1,093	1,130	-15000,995	-2499,229	-45,691	1,055	0,824	3,741	5,676	0,723	3,473	14,302	41,711	26,418	24,114	24,848	1,002	9,010	106,750	1000,846	-25,010	0,883	0,820	NaN	0,524	0,600	13,953
10:18:21,000	20,255	23,741	23,659	-24,954	23,602	-0,001	24,936	23,881	22,728	22,967	22,942	-24,909	22,956	23,781	22,988	22,961	15,192	16,329	1,006	-0,045	1,057	-5,015	-3,993	0,069	-4,992	8,640	1,744	1,506	1,117	1,308	1,106	1,076	1,111	1,135	-15001,943	-2499,829	-62,650	1,022	0,880	3,757	5,631	0,732	3,460	14,302	41,686	26,421	23,791	25,006	1,037	9,005	106,898	999,646	-25,008	0,887	0,817	NaN	0,519	0,602	14,453
10:18:21,486	20,353	23,760	23,689	-24,942	23,545	-0,001	25,035	23,892	22,733	22,903	22,962	-24,890	22,949	23,786	23,030	22,958	15,216	16,267	0,996	-0,046	1,060	-5,017	-3,990	0,070	-4,993	8,653	1,744	1,512	1,133	1,299	1,115	1,087	1,097	1,126	-15001,278	-2499,127	-68,409	1,046	0,918	3,743	5,655	0,725	3,476	14,308	41,663	26,478	23,822	24,781	0,985	9,003	107,136	1004,494	-25,007	0,884	0,821	NaN	0,530	0,591	14,969
10:18:21,986	20,313	23,754	23,682	-24,990	23,583	-0,001	25,071	23,843	22,746	22,916	22,983	-24,878	22,979	23,732	22,963	22,981	15,228	16,314	0,999	-0,033	1,058	-5,018	-3,992	-0,032	-4,995	8,649	1,749	1,514	1,117	1,293	1,130	1,087	1,107	1,122	-15001,278	-2499,245	-63,793	1,067	1,032	3,895	5,623	0,724	3,474	14,321	41,679	26,462	24,252	24,829	1,005	8,928	106,868	999,800	-25,007	0,920	0,820	NaN	0,524	0,593	15,469
10:18:22,486	20,269	23,766	23,709	-24,941	23,589	-0,001	24,969	23,851	22,753	22,924	22,966	-24,935	22,999	23,748	22,979	22,976	15,197	16,319	0,999	-0,049	1,061	-5,017	-3,994	-0,059	-4,991	8,642	1,745	1,513	1,127	1,297	1,122	1,073	1,116	1,121	-14999,447	-2500,060	-75,897	1,038	0,907	3,837	5,588	0,738	3,479	14,302	41,675	26,445	23,788	24,836	1,025	9,023	107,442	1004,103	-25,010	0,906	0,821	NaN	0,525	0,597	15,969
10:18:23,000	20,267	23,768	23,634	-24,951	23,619	-0,001	24,983	23,874	22,731	22,937	22,980	-24,899	22,979	23,723	22,969	23,019	15,214	16,313	1,018	-0,055	1,062	-5,017	-3,991	0,047	-4,991	8,649	1,747	1,516	1,130	1,312	1,127	1,084	1,113	1,144	-15002,729	-2498,458	-65,949	1,037	0,814	3,786	5,604	0,739	3,469	14,303	41,682	26,441	23,733	24,745	1,009	8,938	107,359	996,585	-25,008	0,894	0,819	NaN	0,517	0,601	16,469
10:18:23,486	20,294	23,744	23,731	-24,941	23,579	-0,001	24,833	23,880	22,717	22,950	22,944	-24,939	22,967	23,762	22,967	22,958	15,158	16,293	1,009	-0,056	1,065	-5,016	-3,994	-0,017	-4,993	8,643	1,743	1,509	1,132	1,321	1,101	1,089	1,103	1,111	-15002,843	-2499,261	-73,782	1,053	0,915	3,727	5,616	0,743	3,474	14,315	41,664	26,480	23,576	24,703	0,996	9,010	107,257	1003,880	-25,013	0,880	0,820	NaN	0,524	0,595	16,969
10:18:24,016	20,337	23,714	23,697	-24,931	23,587	-0,001	25,036	23,883	22,769	22,944	22,955	-25,073	22,986	23,744	23,041	22,942	15,145	16,287	0,992	-0,029	1,061	-5,017	-3,991	-0,004	-4,991	8,652	1,748	1,500	1,113	1,314	1,121	1,070	1,113	1,124	-15001,319	-2498,738	-73,041	1,022	0,950	3,814	5,594	0,745	3,474	14,360	41,724	26,512	23,739	24,901	1,005	9,029	106,563	1000,983	-25,013	0,901	0,820	NaN	0,522	0,594	17,453
10:18:24,516	20,336	23,751	23,649	-24,963	23,696	-0,001	24,953	23,836	22,778	22,920	22,968	-24,926	23,011	23,767	23,003	22,949	15,216	16,304	1,027	-0,045	1,064	-5,017	-3,994	-0,013	-4,992	8,665	1,746	1,514	1,127	1,318	1,113	1,072	1,115	1,124	-15004,885	-2499,075	-58,075	1,052	0,870	3,816	5,580	0,732	3,464	14,295	41,675	26,492	23,705	24,708	1,010	9,003	107,270	1002,700	-25,010	0,901	0,818	NaN	0,526	0,595	17,985
10:18:25,032	20,323	23,760	23,682	-24,949	23,570	-0,001	24,990	23,886	22,745	22,946	22,999	-24,952	22,971	23,779	22,986	22,913	15,137	16,300	1,007	-0,058	1,061	-5,017	-3,995	0,079	-4,992	8,638	1,750	1,524	1,122	1,313	1,116	1,086	1,096	1,134	-15000,695	-2499,882	-53,176	1,048	0,899	3,832	5,628	0,733	3,469	14,248	41,661	26,417	23,689	24,831	0,985	8,958	107,092	998,310	-25,009	0,905	0,819	NaN	0,521	0,597	18,485
10:18:25,516	20,330	23,759	23,705	-24,944	23,549	-0,001	24,910	23,887	22,726	22,932	22,945	-24,923	22,992	23,766	22,985	22,979	15,175	16,304	0,999	-0,083	1,061	-5,018	-3,994	-0,013	-4,993	8,650	1,744	1,520	1,115	1,311	1,132	1,083	1,093	1,123	-15001,789	-2500,028	-55,749	1,081	0,983	3,798	5,633	0,718	3,475	14,262	41,650	26,423	23,677	24,764	1,004	9,017	107,593	1003,511	-25,011	0,897	0,821	NaN	0,521	0,600	19,000
10:18:26,016	20,350	23,763	23,650	-24,982	23,596	-0,001	24,908	23,831	22,768	22,924	23,020	-24,920	22,958	23,732	23,026	23,035	15,176	16,315	1,000	-0,048	1,060	-5,018	-3,991	-0,079	-4,992	8,642	1,757	1,508	1,121	1,296	1,124	1,078	1,107	1,131	-15001,668	-2499,659	-67,805	1,046	0,978	3,737	5,607	0,730	3,477	14,299	41,671	26,407	23,672	24,670	1,001	8,933	107,305	997,647	-25,012	0,882	0,821	NaN	0,519	0,598	19,469
10:18:26,532	20,293	23,768	23,665	-24,956	23,637	-0,001	24,961	23,846	22,737	22,939	22,939	-24,922	22,978	23,680	22,996	22,983	15,196	16,337	1,011	-0,048	1,062	-5,017	-3,991	-0,018	-4,995	8,662	1,749	1,513	1,126	1,299	1,129	1,083	1,113	1,117	-14999,195	-2500,514	-62,508	1,049	0,966	3,760	5,591	0,715	3,480	14,298	41,633	26,456	23,710	24,567	1,000	8,972	107,425	1004,117	-25,008	0,888	0,822	NaN	0,525	0,596	19,985
10:18:27,032	20,335	23,751	23,617	-24,958	23,613	-0,001	24,941	23,888	22,747	22,906	22,955	-24,922	22,978	23,803	22,987	22,925	15,184	16,294	1,005	-0,066	1,052	-5,017	-3,986	-0,008	-4,995	8,644	1,746	1,502	1,115	1,320	1,110	1,073	1,106	1,130	-15005,274	-2498,925	-66,986	1,078	0,932	3,809	5,610	0,732	3,476	14,269	41,603	26,440	23,644	24,702	1,043	9,001	107,100	999,889	-25,013	0,899	0,821	NaN	0,520	0,596	20,485
10:18:27,500	20,310	23,771	23,616	-24,938	23,606	-0,001	24,879	23,830	22,710	22,919	22,974	-24,851	22,957	23,760	22,977	22,927	15,191	16,286	1,007	-0,063	1,061	-5,014	-3,993	-0,005	-4,993	8,643	1,738	1,507	1,122	1,311	1,119	1,084	1,117	1,129	-15003,013	-2500,121	-74,349	1,075	0,883	3,780	5,581	0,736	3,482	14,299	41,667	26,463	23,695	24,809	1,005	8,984	107,325	1004,904	-25,013	0,893	0,822	NaN	0,519	0,598	21,000
10:18:28,016	20,309	23,767	23,600	-24,925	23,547	-0,001	25,201	23,845	22,716	22,907	22,974	-24,996	22,981	23,807	22,978	22,952	15,182	16,304	0,980	-0,049	1,064	-5,017	-3,992	0,001	-4,992	8,649	1,743	1,520	1,126	1,314	1,123	1,074	1,127	1,133	-15003,394	-2500,137	-54,724	1,038	0,882	3,729	5,552	0,742	3,477	14,304	41,659	26,493	23,595	24,746	1,015	8,982	106,883	999,900	-25,016	0,881	0,821	NaN	0,520	0,599	21,469
10:18:28,486	20,301	23,771	23,607	-24,963	23,648	-0,001	25,141	23,858	22,708	22,918	22,946	-24,927	23,057	23,751	23,005	22,996	15,131	16,274	0,996	-0,048	1,061	-5,017	-3,992	-0,005	-4,992	8,654	1,762	1,523	1,128	1,299	1,122	1,068	1,099	1,116	-15001,206	-2499,886	-49,046	1,045	0,915	3,765	5,626	0,749	3,486	14,293	41,617	26,516	23,670	24,719	0,976	9,025	106,845	1002,392	-25,008	0,889	0,823	NaN	0,524	0,597	21,985
10:18:29,000	20,358	23,817	23,584	-24,968	23,566	-0,001	25,018	23,869	22,718	22,919	22,955	-24,939	23,026	23,765	23,044	22,951	15,192	16,288	1,000	-0,047	1,063	-5,015	-3,990	-0,048	-4,993	8,661	1,743	1,511	1,110	1,311	1,132	1,077	1,106	1,139	-15004,002	-2499,427	-59,360	1,048	0,975	3,779	5,606	0,741	3,465	14,347	41,633	26,467	23,709	24,873	1,062	8,965	107,597	996,715	-25,008	0,892	0,818	NaN	0,526	0,596	22,469
10:18:29,469	20,323	23,765	23,591	-24,949	23,653	-0,001	25,124	23,870	22,677	22,951	22,926	-24,961	23,041	23,763	22,970	22,967	15,226	16,333	1,009	-0,044	1,066	-5,015	-3,991	-0,017	-4,995	8,652	1,748	1,521	1,118	1,300	1,126	1,087	1,100	1,128	-15001,659	-2499,533	-71,598	1,060	0,932	3,821	5,632	0,735	3,481	14,294	41,685	26,461	23,720	24,702	1,007	8,987	108,122	997,224	-25,009	0,902	0,822	NaN	0,523	0,599	22,969
10:18:29,986	20,315	23,770	23,558	-24,964	23,677	-0,001	25,105	23,838	22,728	22,959	22,933	-24,882	23,023	23,790	22,928	22,981	15,203	16,331	0,998	-0,058	1,057	-5,016	-3,997	0,012	-4,993	8,644	1,743	1,521	1,120	1,302	1,125	1,089	1,100	1,125	-15002,688	-2499,573	-78,414	1,036	0,972	3,759	5,624	0,743	3,482	14,275	41,649	26,473	23,773	24,843	1,002	9,018	107,339	998,127	-25,010	0,888	0,822	NaN	0,522	0,595	23,438
10:18:30,500	20,341	23,785	23,565	-24,963	23,687	-0,001	24,999	23,901	22,704	22,902	22,956	-24,898	23,005	23,770	23,016	22,955	15,194	16,307	1,014	-0,048	1,062	-5,014	-3,992	-0,026	-4,991	8,652	1,751	1,498	1,126	1,292	1,113	1,085	1,119	1,119	-14998,928	-2498,787	-61,325	1,065	0,967	3,799	5,591	0,739	3,478	14,345	41,726	26,464	23,761	24,797	1,002	9,019	106,870	1004,734	-25,010	0,897	0,821	NaN	0,520	0,601	23,969
10:18:31,016	20,318	23,771	23,517	-24,957	23,640	-0,001	24,921	23,868	22,730	22,984	23,016	-24,999	23,013	23,791	23,029	22,968	15,217	16,284	0,999	-0,054	1,053	-5,015	-3,994	-0,017	-4,991	8,640	1,756	1,508	1,116	1,307	1,117	1,076	1,103	1,120	-15000,266	-2498,864	-56,754	1,041	0,868	3,740	5,636	0,739	3,477	14,282	41,635	26,482	24,009	24,770	0,972	8,987	106,774	1004,537	-25,010	0,883	0,821	NaN	0,526	0,592	24,469
10:18:31,469	20,287	23,784	23,572	-24,916	23,608	-0,001	25,039	23,840	22,702	22,925	22,955	-24,926	23,042	23,751	23,037	23,003	15,199	16,294	1,011	-0,038	1,054	-5,013	-3,995	0,004	-4,993	8,636	1,752	1,511	1,133	1,296	1,132	1,071	1,113	1,126	-15000,549	-2500,498	-71,444	1,065	1,057	3,848	5,593	0,761	3,481	14,289	41,692	26,449	23,761	24,862	1,049	8,998	107,464	1003,104	-25,010	0,909	0,822	NaN	0,523	0,593	24,969
10:18:31,969	20,347	23,814	23,563	-24,954	23,699	-0,001	25,044	23,813	22,667	22,912	22,946	-24,928	23,016	23,757	23,015	22,980	15,184	16,325	1,001	-0,049	1,061	-5,016	-3,990	-0,007	-4,992	8,652	1,749	1,504	1,125	1,305	1,106	1,090	1,118	1,124	-14996,829	-2499,983	-71,517	1,058	0,933	3,825	5,581	0,742	3,470	14,267	41,685	26,497	23,605	24,916	1,016	9,052	107,222	1003,381	-25,014	0,903	0,819	NaN	0,528	0,593	25,453
10:18:32,453	20,265	23,739	23,551	-24,948	23,697	-0,001	25,055	23,921	22,644	22,898	22,968	-24,922	23,072	23,753	22,975	22,973	15,216	16,327	1,011	-0,049	1,058	-5,015	-3,992	0,034	-4,993	8,634	1,744	1,506	1,120	1,305	1,126	1,086	1,113	1,126	-15002,526	-2499,107	-69,215	1,052	0,883	3,842	5,601	0,749	3,478	14,347	41,690	26,490	23,673	24,640	1,030	8,994	107,574	997,176	-25,008	0,907	0,821	NaN	0,522	0,600	25,938
10:18:32,986	20,329	23,782	23,582	-24,930	23,628	-0,001	25,264	23,870	22,704	22,871	22,931	-24,880	23,005	23,736	23,016	22,941	15,172	16,328	1,009	-0,056	1,058	-5,016	-3,987	0,007	-4,992	8,648	1,747	1,498	1,112	1,301	1,125	1,080	1,107	1,138	-14997,008	-2499,938	-61,260	1,056	0,920	3,753	5,630	0,730	3,469	14,236	41,662	26,462	23,793	24,888	0,956	9,039	107,988	1001,624	-25,006	0,886	0,819	NaN	0,527	0,597	26,422
10:18:33,469	20,340	23,748	23,565	-24,929	23,656	-0,001	25,020	23,876	22,698	22,917	22,958	-24,868	23,033	23,776	23,036	22,937	15,223	16,333	0,999	-0,028	1,060	-5,017	-3,991	0,047	-4,993	8,640	1,739	1,518	1,116	1,317	1,110	1,077	1,110	1,132	-14998,539	-2499,225	-66,707	1,039	0,910	3,791	5,616	0,742	3,473	14,329	41,654	26,440	23,676	24,750	1,030	8,971	106,977	993,980	-25,009	0,895	0,820	NaN	0,524	0,600	26,953
10:18:33,969	20,323	23,783	23,535	-24,948	23,633	-0,001	25,072	23,880	22,701	22,903	22,943	-24,960	23,052	23,742	23,017	22,983	15,206	16,316	1,005	-0,062	1,060	-5,017	-3,991	-0,018	-4,991	8,640	1,739	1,520	1,122	1,303	1,113	1,087	1,107	1,138	-15002,300	-2499,618	-76,984	1,040	0,950	3,754	5,631	0,743	3,471	14,291	41,686	26,421	23,782	24,779	0,990	8,961	107,670	997,755	-25,011	0,886	0,820	NaN	0,523	0,600	27,438
10:18:34,453	20,296	23,756	23,567	-24,947	23,723	-0,001	25,106	23,876	22,714	22,949	22,944	-24,827	23,024	23,771	22,993	22,945	15,150	16,279	1,005	-0,049	1,062	-5,016	-3,991	-0,002	-4,994	8,639	1,747	1,507	1,111	1,307	1,113	1,081	1,118	1,141	-15002,964	-2499,760	-74,341	1,012	0,877	3,740	5,613	0,728	3,472	14,288	41,700	26,431	23,694	24,773	1,003	8,963	106,678	997,574	-25,012	0,883	0,820	NaN	0,521	0,599	27,938
10:18:34,969	20,300	23,792	23,576	-24,965	23,642	-0,001	24,995	23,840	22,700	22,951	22,983	-24,967	22,999	23,704	22,989	22,966	15,178	16,273	1,003	-0,046	1,064	-5,016	-3,992	-0,040	-4,993	8,642	1,754	1,499	1,126	1,314	1,117	1,069	1,116	1,129	-15000,022	-2499,691	-56,089	1,044	0,961	3,763	5,610	0,753	3,464	14,252	41,694	26,509	23,698	24,852	0,993	8,958	107,036	1002,902	-25,007	0,888	0,818	NaN	0,519	0,602	28,422
10:18:35,438	20,316	23,730	23,490	-24,964	23,538	-0,001	25,042	23,855	22,725	22,957	22,987	-24,935	23,017	23,742	23,006	22,969	15,233	16,301	1,006	-0,058	1,062	-5,018	-3,992	-0,027	-4,993	8,652	1,751	1,519	1,125	1,310	1,116	1,086	1,117	1,125	-15002,113	-2499,314	-54,404	1,042	0,969	3,707	5,597	0,763	3,471	14,304	41,642	26,450	23,713	24,916	0,985	8,991	107,420	1000,935	-25,010	0,875	0,819	NaN	0,523	0,598	28,938
10:18:35,953	20,309	23,750	23,565	-24,961	23,697	-0,001	25,034	23,870	22,694	22,911	22,962	-24,891	23,028	23,795	23,021	22,992	15,205	16,310	1,003	-0,054	1,064	-5,018	-3,990	-0,033	-4,993	8,639	1,745	1,516	1,128	1,306	1,117	1,093	1,102	1,128	-15001,344	-2499,468	-55,303	1,040	0,932	3,798	5,643	0,742	3,470	14,257	41,644	26,455	23,706	24,835	1,003	9,038	107,447	1003,096	-25,011	0,897	0,819	NaN	0,527	0,592	29,406
10:18:36,438	20,284	23,767	23,613	-24,948	23,738	-0,001	24,993	23,860	22,700	22,921	22,988	-24,970	23,012	23,792	22,951	22,944	15,149	16,297	1,003	-0,056	1,066	-5,017	-3,991	0,003	-4,991	8,657	1,757	1,516	1,124	1,302	1,118	1,089	1,112	1,147	-15001,976	-2498,706	-61,345	1,054	0,960	3,857	5,605	0,735	3,453	14,290	41,692	26,436	23,711	24,809	0,988	9,024	107,589	998,493	-25,010	0,911	0,815	NaN	0,521	0,598	29,922
10:18:36,953	20,311	23,764	23,635	-24,958	23,627	-0,001	24,952	23,867	22,694	22,883	22,913	-24,975	22,990	23,788	22,989	22,940	15,192	16,287	1,011	-0,058	1,057	-5,017	-3,994	-0,009	-4,996	8,640	1,754	1,508	1,116	1,303	1,130	1,065	1,115	1,155	-15002,243	-2499,042	-64,219	1,073	0,944	3,767	5,608	0,737	3,480	14,305	41,640	26,479	23,757	24,729	1,016	8,986	107,126	1004,545	-25,010	0,889	0,822	NaN	0,520	0,606	30,406
10:18:37,438	20,292	23,764	23,656	-24,970	23,805	-0,001	25,008	23,837	22,721	22,931	22,956	-24,915	23,009	23,799	22,998	22,962	15,184	16,298	1,001	-0,042	1,063	-5,017	-3,992	0,000	-4,992	8,647	1,736	1,514	1,127	1,292	1,109	1,073	1,105	1,136	-15001,246	-2498,657	-68,627	1,043	1,015	3,674	5,646	0,743	3,481	14,309	41,714	26,425	23,614	24,575	1,010	9,005	107,788	995,855	-25,011	0,868	0,822	NaN	0,516	0,605	30,922
10:18:37,938	20,323	23,738	23,584	-24,918	23,696	-0,001	25,067	23,853	22,715	22,929	23,041	-24,912	23,036	23,771	22,962	22,957	15,211	16,337	1,001	-0,037	1,064	-5,016	-3,990	-0,076	-4,994	8,648	1,746	1,515	1,118	1,317	1,127	1,085	1,119	1,126	-15003,013	-2499,391	-66,840	1,006	0,974	3,661	5,613	0,746	3,470	14,249	41,646	26,403	23,806	24,794	0,999	8,972	107,577	1003,958	-25,010	0,865	0,819	NaN	0,518	0,605	31,406
10:18:38,422	20,295	23,795	23,601	-24,920	23,621	-0,001	25,044	23,822	22,697	22,931	22,952	-24,948	23,015	23,839	22,931	22,903	15,224	16,299	1,008	-0,045	1,058	-5,017	-3,992	-0,006	-4,994	8,646	1,747	1,514	1,112	1,313	1,139	1,065	1,128	1,140	-14999,195	-2497,871	-66,431	1,035	0,935	3,652	5,584	0,738	3,472	14,283	41,693	26,455	23,794	24,841	1,064	8,951	107,040	999,267	-25,002	0,862	0,820	NaN	0,519	0,599	31,906
10:18:38,922	20,280	23,814	23,574	-24,967	23,630	-0,001	25,106	23,818	22,761	22,951	22,953	-24,972	23,007	23,793	22,948	22,962	15,179	16,274	1,003	-0,045	1,067	-5,016	-3,998	-0,078	-4,988	8,639	1,741	1,506	1,121	1,294	1,109	1,078	1,118	1,110	-15001,927	-2499,472	-59,319	1,067	0,999	3,758	5,607	0,745	3,465	14,284	41,658	26,404	23,725	24,906	1,013	8,981	106,819	1005,610	-25,010	0,887	0,818	NaN	0,526	0,595	32,391
10:18:39,391	20,302	23,749	23,563	-24,945	23,659	-0,001	24,981	23,852	22,700	22,929	22,945	-24,925	22,985	23,821	22,961	22,924	15,194	16,326	1,012	-0,059	1,064	-5,016	-3,991	0,010	-4,995	8,655	1,741	1,509	1,117	1,306	1,128	1,072	1,120	1,146	-15002,713	-2499,549	-63,311	1,052	0,897	3,811	5,605	0,725	3,465	14,304	41,677	26,463	23,675	24,917	1,144	8,992	107,555	999,471	-25,005	0,900	0,818	NaN	0,532	0,589	32,891
10:18:39,907	20,314	23,767	23,603	-24,935	23,662	-0,001	25,005	23,847	22,758	22,935	22,972	-24,937	22,972	23,795	22,951	22,940	15,261	16,272	1,009	-0,071	1,055	-5,016	-3,990	0,062	-4,991	8,646	1,740	1,529	1,102	1,324	1,117	1,073	1,116	1,118	-15003,086	-2499,257	-56,008	1,014	1,061	3,918	5,618	0,736	3,473	14,273	41,620	26,521	23,699	24,790	0,936	9,020	107,520	1001,719	-25,010	0,925	0,820	NaN	0,530	0,596	33,360
10:18:40,375	20,282	23,788	23,600	-24,969	23,687	-0,001	24,996	23,854	22,748	22,932	22,963	-24,924	22,958	23,835	22,972	23,003	15,192	16,297	1,002	-0,048	1,053	-5,017	-3,993	-0,007	-4,993	8,643	1,732	1,522	1,111	1,312	1,115	1,084	1,112	1,121	-15002,948	-2500,697	-65,661	1,049	0,891	3,819	5,638	0,732	3,471	14,265	41,741	26,398	23,546	24,976	1,016	8,977	107,505	997,049	-25,008	0,902	0,819	NaN	0,526	0,598	33,875
10:18:40,875	20,294	23,777	23,607	-24,956	23,686	-0,001	25,037	23,833	22,736	22,895	22,948	-24,950	22,938	23,803	22,953	22,946	15,197	16,347	1,009	-0,039	1,067	-5,017	-3,994	0,001	-4,993	8,642	1,755	1,506	1,126	1,314	1,100	1,086	1,110	1,130	-14999,576	-2499,318	-70,986	1,052	0,935	3,789	5,644	0,745	3,475	14,323	41,651	26,416	23,806	24,803	1,014	8,981	108,078	997,639	-25,010	0,895	0,821	NaN	0,519	0,604	34,344
10:18:41,391	20,264	23,777	23,635	-24,982	23,693	-0,001	25,000	23,866	22,730	22,929	22,959	-24,927	22,962	23,793	22,954	22,990	15,235	16,289	1,009	-0,043	1,065	-5,017	-3,992	-0,005	-4,992	8,647	1,746	1,520	1,118	1,311	1,120	1,085	1,099	1,125	-15001,141	-2500,109	-71,282	1,049	0,932	3,714	5,677	0,744	3,478	14,283	41,644	26,421	23,734	24,779	0,993	8,975	106,344	1002,972	-25,007	0,877	0,821	NaN	0,523	0,599	34,860
10:18:41,907	20,303	23,765	23,603	-24,871	23,691	-0,001	24,917	23,864	22,773	22,937	22,953	-24,969	22,976	23,802	22,960	22,986	15,219	16,347	1,007	-0,037	1,068	-5,016	-3,994	0,113	-4,994	8,650	1,754	1,521	1,121	1,312	1,126	1,074	1,108	1,138	-15001,635	-2498,231	-72,878	1,014	0,984	3,789	5,652	0,734	3,472	14,317	41,761	26,427	23,649	24,783	1,064	9,011	106,898	1003,516	-25,011	0,895	0,820	NaN	0,521	0,599	35,360
10:18:42,391	20,280	23,753	23,613	-24,943	23,660	-0,001	25,080	23,834	22,745	22,886	22,977	-24,938	22,980	23,851	23,005	22,954	15,193	16,265	1,011	-0,039	1,068	-5,017	-3,991	-0,062	-4,992	8,654	1,744	1,508	1,135	1,296	1,120	1,080	1,115	1,128	-15002,502	-2499,411	-64,146	1,034	0,926	3,764	5,627	0,730	3,474	14,349	41,653	26,518	23,695	24,833	1,002	9,001	107,147	1004,179	-25,011	0,889	0,820	NaN	0,523	0,599	35,875
10:18:42,907	20,328	23,778	23,695	-24,972	23,608	-0,001	25,006	23,891	22,764	22,913	22,972	-24,921	22,961	23,787	22,952	22,951	15,197	16,322	0,999	-0,057	1,060	-5,019	-3,996	-0,041	-4,993	8,641	1,732	1,514	1,135	1,318	1,121	1,086	1,107	1,127	-15002,008	-2499,950	-51,385	1,063	1,168	3,788	5,648	0,724	3,477	14,288	41,657	26,517	23,749	24,890	1,006	8,931	106,868	1004,535	-25,010	0,894	0,821	NaN	0,520	0,598	36,360
10:18:43,391	20,295	23,751	23,703	-24,983	23,653	-0,001	25,045	23,871	22,770	22,926	22,945	-24,924	22,992	23,785	22,954	23,027	15,163	16,297	1,013	-0,046	1,068	-5,017	-3,994	0,061	-4,995	8,653	1,740	1,519	1,122	1,325	1,110	1,081	1,120	1,116	-15000,979	-2499,606	-64,466	1,056	0,899	3,770	5,610	0,737	3,465	14,226	41,646	26,380	23,725	24,832	1,012	8,971	107,276	1004,723	-25,010	0,890	0,818	NaN	0,521	0,600	36,875
10:18:43,907	20,272	23,700	23,610	-24,943	23,641	-0,001	25,036	23,876	22,767	22,949	22,970	-24,925	22,996	23,764	22,989	22,970	15,188	16,278	1,001	-0,047	1,060	-5,017	-3,995	-0,044	-4,993	8,646	1,755	1,519	1,111	1,310	1,112	1,070	1,121	1,121	-15002,519	-2498,462	-69,953	1,046	0,870	3,739	5,609	0,743	3,464	14,339	41,668	26,430	23,707	24,943	0,983	8,951	107,834	1002,619	-25,013	0,883	0,818	NaN	0,523	0,596	37,360
10:18:44,407	20,267	23,773	23,654	-24,937	23,644	-0,001	25,053	23,846	22,745	22,923	22,932	-24,927	23,026	23,823	22,987	23,013	15,209	16,285	1,010	-0,042	1,063	-5,017	-3,993	-0,014	-4,992	8,643	1,747	1,515	1,115	1,299	1,129	1,080	1,120	1,117	-15002,089	-2499,561	-70,800	1,043	0,909	3,791	5,598	0,730	3,474	14,319	41,682	26,494	23,703	24,927	0,935	8,976	107,848	1002,950	-25,011	0,895	0,820	NaN	0,527	0,596	37,875
10:18:44,907	20,261	23,757	23,643	-24,994	23,665	-0,001	25,004	23,851	22,789	22,922	22,951	-24,948	22,997	23,820	22,982	23,014	15,153	16,333	1,014	-0,066	1,063	-5,018	-3,994	-0,057	-4,996	8,650	1,743	1,518	1,122	1,302	1,119	1,075	1,120	1,144	-15001,352	-2499,561	-67,509	1,068	0,923	3,792	5,599	0,741	3,471	14,387	41,681	26,523	23,743	24,800	0,957	8,977	107,653	995,365	-25,015	0,895	0,819	NaN	0,523	0,597	38,375
10:18:45,407	20,227	23,778	23,608	-24,947	23,870	-0,001	24,976	23,843	22,748	22,878	22,992	-24,957	22,988	23,776	22,958	23,017	15,173	16,340	1,009	-0,060	1,068	-5,017	-3,991	-0,028	-4,992	8,646	1,750	1,509	1,129	1,307	1,123	1,074	1,104	1,134	-15001,368	-2500,405	-69,065	1,064	0,975	3,805	5,628	0,708	3,475	14,225	41,659	26,408	23,781	24,797	1,009	9,014	108,136	1000,059	-25,011	0,898	0,821	NaN	0,531	0,591	38,875
10:18:45,907	20,282	23,796	23,590	-24,955	23,581	-0,001	24,884	23,839	22,756	22,926	22,960	-24,938	22,970	23,826	23,045	22,973	15,227	16,318	1,004	-0,049	1,065	-5,017	-3,990	-0,036	-4,997	8,645	1,744	1,498	1,120	1,308	1,116	1,065	1,122	1,149	-15001,392	-2499,804	-68,895	1,062	0,926	3,867	5,581	0,731	3,464	14,271	41,674	26,413	23,729	24,740	0,998	9,017	107,305	993,373	-25,011	0,913	0,818	NaN	0,524	0,596	39,360
10:18:46,422	20,356	23,774	23,653	-24,985	23,678	-0,001	25,141	23,866	22,760	22,932	22,944	-24,936	22,982	23,814	23,041	23,039	15,245	16,315	1,014	-0,038	1,073	-5,015	-3,993	0,037	-4,993	8,653	1,726	1,528	1,117	1,309	1,116	1,084	1,105	1,130	-15000,281	-2500,542	-61,986	1,074	0,885	3,819	5,630	0,726	3,468	14,236	41,704	26,421	23,796	24,774	1,029	8,985	106,623	1000,096	-25,005	0,902	0,819	NaN	0,526	0,600	39,891
10:18:46,907	20,307	23,757	23,610	-24,947	23,678	-0,001	25,027	23,872	22,785	22,973	22,967	-24,942	22,980	23,820	22,960	23,004	15,186	16,352	0,999	-0,040	1,062	-5,016	-3,995	0,040	-4,991	8,646	1,745	1,517	1,119	1,307	1,120	1,097	1,101	1,137	-15001,603	-2500,080	-60,442	1,028	0,919	3,773	5,652	0,729	3,490	14,226	41,629	26,477	23,806	24,679	0,966	8,993	106,537	995,373	-25,010	0,891	0,824	NaN	0,521	0,596	40,391
10:18:47,407	20,325	23,758	23,634	-25,025	23,696	-0,001	25,043	23,898	22,790	22,961	22,981	-24,931	22,972	23,820	23,010	22,979	15,178	16,290	1,007	-0,045	1,062	-5,019	-3,990	-0,003	-4,995	8,642	1,743	1,507	1,132	1,307	1,124	1,077	1,128	1,117	-15001,546	-2500,056	-57,131	1,049	0,736	3,770	5,573	0,749	3,478	14,311	41,689	26,474	23,712	24,876	0,890	8,950	106,743	1003,414	-25,011	0,890	0,821	NaN	0,521	0,602	40,891
10:18:47,907	20,359	23,812	23,628	-24,954	23,580	-0,001	25,047	23,873	22,777	22,878	22,967	-24,925	22,995	23,762	23,042	22,997	15,199	16,274	1,007	-0,048	1,063	-5,017	-3,992	-0,023	-4,991	8,636	1,746	1,514	1,118	1,315	1,107	1,084	1,108	1,136	-15001,521	-2499,334	-66,613	1,048	0,831	3,716	5,622	0,759	3,473	14,289	41,650	26,428	23,754	24,881	1,001	8,927	106,895	998,264	-25,010	0,877	0,820	NaN	0,519	0,600	41,375
10:18:48,407	20,346	23,795	23,628	-24,974	23,736	-0,001	25,078	23,892	22,771	22,923	23,002	-24,911	22,995	23,815	23,072	22,965	15,168	16,330	1,011	-0,041	1,069	-5,016	-3,990	0,067	-4,995	8,647	1,745	1,531	1,121	1,314	1,137	1,094	1,105	1,142	-15002,664	-2499,922	-56,531	1,019	0,999	3,763	5,640	0,755	3,473	14,211	41,652	26,440	23,808	24,800	1,031	9,004	107,219	1004,165	-25,008	0,888	0,820	NaN	0,523	0,598	41,891
10:18:48,907	20,339	23,792	23,670	-24,947	23,688	-0,001	25,076	23,865	22,704	22,918	22,979	-24,897	22,991	23,797	23,065	22,974	15,187	16,365	1,008	-0,049	1,069	-5,015	-3,991	-0,175	-4,992	8,651	1,748	1,516	1,128	1,311	1,126	1,071	1,115	1,120	-15002,502	-2500,044	-63,100	1,040	0,903	3,772	5,614	0,754	3,460	14,238	41,681	26,443	23,770	25,047	0,987	9,022	107,892	998,628	-25,010	0,891	0,817	NaN	0,525	0,594	42,375
10:18:49,391	20,330	23,726	23,667	-24,945	23,566	-0,001	25,033	23,842	22,693	23,002	22,979	-24,959	22,988	23,830	23,052	22,973	15,235	16,316	1,014	-0,051	1,061	-5,017	-3,996	-0,063	-4,992	8,645	1,742	1,517	1,120	1,303	1,120	1,093	1,109	1,139	-15003,426	-2499,496	-75,071	1,058	0,937	3,848	5,629	0,746	3,478	14,246	41,611	26,471	23,765	24,802	1,007	9,058	107,381	1004,416	-25,009	0,909	0,821	NaN	0,528	0,592	42,891
10:18:49,907	20,357	23,750	23,671	-24,941	23,697	-0,001	24,945	23,872	22,730	22,958	22,962	-24,908	23,012	23,831	23,039	23,007	15,141	16,295	1,006	-0,049	1,064	-5,016	-3,992	-0,006	-4,992	8,646	1,751	1,521	1,121	1,321	1,123	1,092	1,124	1,137	-15001,327	-2498,787	-69,483	1,031	0,907	3,850	5,580	0,739	3,476	14,241	41,604	26,423	23,788	24,803	1,008	9,006	107,222	997,076	-25,010	0,909	0,821	NaN	0,527	0,591	43,360
10:18:50,391	20,379	23,756	23,649	-24,946	23,766	-0,001	25,010	23,909	22,729	22,990	22,997	-24,933	23,037	23,789	22,994	22,977	15,200	16,305	1,010	-0,048	1,059	-5,019	-3,990	0,028	-4,990	8,653	1,761	1,520	1,113	1,319	1,121	1,068	1,117	1,139	-15002,332	-2498,677	-62,099	1,050	0,902	3,869	5,601	0,740	3,484	14,338	41,708	26,506	23,790	24,890	1,002	9,001	106,885	1003,147	-25,011	0,913	0,823	NaN	0,525	0,598	43,891
10:18:50,922	20,348	23,664	23,700	-24,947	23,682	-0,001	25,116	23,895	22,666	22,930	22,938	-24,939	22,996	23,797	23,011	22,964	15,223	16,294	1,000	-0,057	1,060	-5,017	-3,991	-0,032	-4,991	8,647	1,739	1,514	1,128	1,309	1,130	1,080	1,119	1,139	-15003,094	-2500,007	-67,217	1,058	0,937	3,758	5,599	0,727	3,473	14,213	41,693	26,475	23,829	24,821	0,907	8,976	107,155	995,505	-25,009	0,887	0,820	NaN	0,520	0,595	44,360
10:18:51,407	20,368	23,742	23,677	-24,953	23,840	-0,001	25,029	23,833	22,714	23,013	22,924	-24,944	23,002	23,807	23,003	22,963	15,180	16,325	1,010	-0,056	1,071	-5,017	-3,994	-0,019	-4,988	8,637	1,744	1,523	1,120	1,300	1,130	1,076	1,145	1,134	-15000,517	-2499,432	-82,397	1,057	0,923	3,770	5,540	0,745	3,484	14,258	41,682	26,444	23,745	24,758	0,987	8,955	107,265	1003,869	-25,010	0,890	0,823	NaN	0,523	0,601	44,891
10:18:51,922	20,343	23,730	23,666	-24,941	23,638	-0,001	25,022	23,803	22,723	22,988	22,918	-24,930	23,024	23,818	23,045	22,912	15,205	16,359	1,016	-0,043	1,067	-5,016	-3,990	-0,055	-4,994	8,642	1,746	1,521	1,121	1,311	1,126	1,084	1,096	1,127	-15000,152	-2499,367	-69,462	1,048	0,941	3,763	5,665	0,743	3,463	14,329	41,692	26,464	23,765	24,981	0,916	9,002	107,778	999,606	-25,009	0,889	0,818	NaN	0,524	0,596	45,375
10:18:52,407	20,312	23,766	23,650	-24,956	23,660	-0,001	25,018	23,823	22,702	23,011	22,962	-24,964	23,016	23,761	22,971	22,942	15,163	16,313	1,007	-0,054	1,058	-5,017	-3,994	0,075	-4,993	8,646	1,747	1,516	1,112	1,326	1,114	1,074	1,121	1,134	-15001,125	-2499,557	-63,193	1,059	0,982	3,806	5,605	0,763	3,479	14,306	41,609	26,463	23,715	24,846	1,013	9,006	108,349	1003,753	-25,005	0,899	0,821	NaN	0,522	0,597	45,891
10:18:52,922	20,359	23,769	23,666	-24,945	23,662	-0,001	25,088	23,883	22,720	23,005	22,958	-24,937	23,018	23,733	23,015	22,927	15,233	16,294	1,013	-0,053	1,064	-5,016	-3,994	-0,074	-4,992	8,650	1,743	1,521	1,127	1,309	1,116	1,083	1,114	1,139	-15001,644	-2499,229	-60,916	1,037	0,896	3,786	5,604	0,763	3,467	14,343	41,686	26,513	23,764	24,861	1,041	9,004	107,275	1001,802	-25,007	0,894	0,818	NaN	0,524	0,595	46,391
10:18:53,375	20,356	23,727	23,679	-24,945	23,689	-0,001	24,874	23,839	22,717	23,002	22,945	-24,970	23,025	23,780	22,999	22,902	15,188	16,329	0,995	-0,050	1,057	-5,017	-3,994	0,007	-4,991	8,647	1,740	1,506	1,121	1,308	1,132	1,076	1,129	1,128	-15003,029	-2499,383	-49,691	1,059	0,993	3,788	5,573	0,758	3,471	14,242	41,632	26,504	23,713	24,775	1,007	9,046	107,784	1001,840	-25,010	0,894	0,820	NaN	0,526	0,599	46,875
10:18:53,907	20,365	23,789	23,706	-24,959	23,746	-0,001	25,027	23,844	22,718	23,039	22,967	-24,923	23,026	23,768	22,986	22,939	15,209	16,317	0,999	-0,047	1,063	-5,016	-3,992	-0,019	-4,995	8,645	1,752	1,524	1,122	1,317	1,121	1,068	1,104	1,130	-15001,254	-2499,679	-58,217	1,035	1,029	3,776	5,642	0,771	3,474	14,273	41,684	26,433	23,735	24,761	1,056	8,989	107,395	995,769	-25,012	0,892	0,820	NaN	0,530	0,592	47,360
10:18:54,375	20,417	23,760	23,678	-24,921	23,749	-0,001	25,001	23,844	22,706	22,978	22,960	-24,922	23,023	23,756	22,953	22,935	15,231	16,295	1,017	-0,051	1,059	-5,017	-3,990	0,042	-4,992	8,649	1,745	1,501	1,133	1,309	1,129	1,084	1,113	1,133	-15001,384	-2499,541	-56,734	1,048	0,982	3,865	5,612	0,757	3,475	14,225	41,634	26,412	23,750	24,708	0,993	8,984	107,233	997,453	-25,008	0,913	0,821	NaN	0,528	0,594	47,875
10:18:54,891	20,337	23,768	23,687	-24,963	23,603	-0,001	25,074	23,869	22,697	22,997	22,934	-24,867	23,045	23,772	22,992	22,903	15,185	16,300	0,990	-0,051	1,064	-5,018	-3,991	-0,014	-4,994	8,643	1,746	1,517	1,124	1,306	1,135	1,078	1,126	1,147	-15002,559	-2500,056	-67,156	1,035	0,968	3,822	5,598	0,757	3,467	14,310	41,676	26,491	23,791	24,677	0,960	9,009	107,198	997,054	-25,005	0,902	0,819	NaN	0,528	0,593	48,360
10:18:55,391	20,343	23,737	23,702	-24,955	23,626	-0,001	25,025	23,851	22,696	22,930	23,004	-24,914	23,017	23,828	23,003	22,949	15,230	16,301	1,005	-0,051	1,055	-5,017	-3,993	-0,015	-4,995	8,638	1,748	1,519	1,130	1,307	1,132	1,085	1,128	1,143	-15000,460	-2499,561	-68,052	1,034	0,919	3,841	5,601	0,765	3,474	14,281	41,637	26,469	23,865	24,786	1,041	9,087	106,611	1001,923	-25,008	0,907	0,820	NaN	0,523	0,599	48,860
10:18:55,891	20,353	23,750	23,696	-24,895	23,632	-0,001	25,059	23,803	22,750	22,962	22,943	-24,981	22,988	23,775	22,985	22,944	15,217	16,332	1,005	-0,054	1,061	-5,018	-3,991	0,033	-4,989	8,633	1,741	1,506	1,127	1,297	1,127	1,058	1,119	1,122	-15001,101	-2499,265	-68,392	1,047	0,891	3,772	5,628	0,752	3,473	14,237	41,714	26,419	23,774	24,818	1,056	8,964	106,304	1004,082	-25,006	0,891	0,820	NaN	0,521	0,603	49,360
10:18:56,391	20,346	23,777	23,654	-24,976	23,743	-0,001	25,016	23,836	22,718	22,915	22,997	-25,003	23,060	23,760	22,969	22,917	15,161	16,270	1,002	-0,049	1,061	-5,018	-3,993	-0,081	-4,995	8,637	1,744	1,522	1,116	1,307	1,128	1,061	1,106	1,139	-15000,266	-2499,006	-69,511	1,067	1,033	3,735	5,674	0,745	3,484	14,298	41,632	26,502	23,875	24,711	0,998	8,962	107,059	1005,308	-25,008	0,882	0,823	NaN	0,516	0,607	49,860
10:18:56,922	20,345	23,753	23,677	-24,954	23,711	-0,001	25,012	23,819	22,743	22,931	22,980	-24,921	23,033	23,732	22,960	22,903	15,194	16,324	1,021	-0,049	1,063	-5,016	-3,992	0,012	-4,995	8,644	1,743	1,509	1,135	1,309	1,126	1,075	1,108	1,127	-15000,501	-2499,869	-64,753	1,043	0,861	3,670	5,660	0,748	3,466	14,255	41,668	26,464	23,687	24,517	1,008	9,117	107,428	1005,825	-25,012	0,866	0,818	NaN	0,525	0,599	50,360
10:18:57,422	20,383	23,772	23,685	-24,965	23,652	-0,001	25,005	23,812	22,710	22,912	22,967	-24,889	23,049	23,763	22,999	22,920	15,202	16,256	1,008	-0,039	1,066	-5,015	-3,990	0,041	-4,993	8,645	1,743	1,516	1,117	1,307	1,138	1,071	1,119	1,138	-15002,170	-2499,460	-63,311	1,046	0,988	3,776	5,636	0,749	3,476	14,213	41,667	26,464	23,764	24,719	1,044	9,017	108,162	1000,676	-25,015	0,892	0,821	NaN	0,527	0,594	50,891
10:18:57,922	20,349	23,746	23,682	-24,894	23,707	-0,001	25,073	23,863	22,760	22,923	22,979	-24,900	22,993	23,769	23,032	22,881	15,224	16,278	1,009	-0,050	1,061	-5,018	-3,990	-0,038	-4,988	8,643	1,749	1,519	1,120	1,319	1,128	1,085	1,115	1,123	-15001,772	-2500,238	-43,847	1,044	0,883	3,855	5,639	0,757	3,483	14,204	41,659	26,382	23,881	24,774	1,015	9,021	107,150	1005,478	-25,019	0,910	0,822	NaN	0,531	0,593	51,375
10:18:58,407	20,366	23,782	23,677	-24,961	23,790	-0,001	24,934	23,830	22,718	22,883	23,029	-24,914	23,006	23,729	22,987	22,926	15,201	16,339	1,006	-0,051	1,055	-5,016	-3,992	-0,018	-4,991	8,642	1,741	1,516	1,129	1,302	1,132	1,074	1,112	1,123	-15002,535	-2500,372	-60,194	1,094	0,901	3,873	5,640	0,733	3,470	14,252	41,649	26,443	23,888	24,727	0,991	9,013	108,137	999,805	-25,010	0,914	0,819	NaN	0,527	0,594	51,891
10:18:58,922	20,347	23,789	23,679	-24,956	23,640	-0,001	25,035	23,850	22,704	23,017	22,999	-24,951	22,987	23,776	23,065	22,899	15,226	16,349	1,001	-0,051	1,063	-5,015	-3,996	-0,027	-4,995	8,648	1,748	1,518	1,124	1,307	1,116	1,080	1,109	1,131	-15000,824	-2500,214	-80,416	1,059	0,945	3,860	5,649	0,725	3,472	14,298	41,732	26,423	23,857	24,743	0,996	8,989	107,692	1003,591	-25,009	0,911	0,820	NaN	0,530	0,598	52,375
10:18:59,422	20,289	23,740	23,675	-24,960	23,632	-0,001	25,033	23,842	22,694	22,835	22,946	-24,968	22,996	23,715	23,046	22,935	15,185	16,268	1,017	-0,049	1,058	-5,019	-3,991	0,021	-4,991	8,650	1,752	1,515	1,122	1,296	1,127	1,080	1,118	1,137	-15001,595	-2499,760	-71,894	1,037	0,914	3,778	5,629	0,713	3,477	14,240	41,696	26,393	23,811	24,800	1,051	8,997	107,912	992,088	-25,012	0,892	0,821	NaN	0,527	0,594	52,891
10:18:59,922	20,364	23,794	23,653	-24,927	23,677	-0,001	24,994	23,855	22,717	22,882	22,980	-24,928	23,052	23,771	22,976	22,955	15,141	16,318	1,003	-0,055	1,060	-5,018	-3,991	-0,109	-4,993	8,638	1,736	1,514	1,118	1,296	1,135	1,084	1,129	1,120	-15003,759	-2499,054	-76,457	1,048	0,966	3,826	5,597	0,721	3,486	14,264	41,638	26,433	23,788	24,639	1,052	8,978	108,142	1001,552	-25,005	0,903	0,823	NaN	0,530	0,597	53,391
10:19:00,407	20,342	23,770	23,682	-24,921	23,652	-0,001	25,060	23,880	22,717	22,918	22,983	-24,997	23,012	23,726	22,976	22,912	15,219	16,326	1,029	-0,068	1,070	-5,016	-3,994	-0,052	-4,994	8,649	1,739	1,511	1,131	1,308	1,129	1,083	1,102	1,128	-15001,108	-2498,604	-83,342	1,044	0,887	3,818	5,666	0,705	3,476	14,224	41,707	26,449	23,745	24,715	0,995	8,956	106,903	992,409	-25,004	0,902	0,821	NaN	0,527	0,595	53,891
10:19:00,922	20,347	23,784	23,662	-24,935	23,697	-0,001	24,992	23,855	22,729	22,916	22,956	-24,894	22,984	23,714	22,955	22,899	15,174	16,328	0,987	-0,062	1,065	-5,019	-3,995	-0,092	-4,991	8,640	1,751	1,514	1,122	1,316	1,110	1,087	1,122	1,149	-15001,862	-2498,787	-65,264	1,050	0,978	3,829	5,625	0,709	3,482	14,365	41,729	26,474	23,824	24,849	1,008	8,975	106,624	1001,853	-25,011	0,904	0,822	NaN	0,527	0,598	54,391
10:19:01,391	20,344	23,790	23,686	-24,966	23,663	-0,001	25,108	23,810	22,741	22,939	23,011	-24,961	23,023	23,712	22,969	22,911	15,215	16,289	1,018	-0,048	1,060	-5,017	-3,994	-0,041	-4,993	8,640	1,745	1,513	1,122	1,311	1,118	1,076	1,125	1,118	-15002,373	-2499,809	-61,406	1,066	0,938	3,779	5,621	0,700	3,476	14,306	41,676	26,422	23,780	24,746	0,972	8,965	106,528	998,814	-25,012	0,892	0,821	NaN	0,522	0,601	54,891
10:19:01,907	20,369	23,779	23,618	-24,960	23,719	-0,001	25,007	23,787	22,725	22,964	22,995	-24,954	22,996	23,747	23,029	22,906	15,218	16,292	1,006	-0,066	1,061	-5,017	-3,999	-0,049	-4,990	8,646	1,733	1,524	1,118	1,317	1,126	1,067	1,123	1,127	-15004,982	-2498,803	-48,783	1,027	1,042	3,739	5,629	0,711	3,473	14,381	41,665	26,511	23,793	24,898	1,029	8,955	108,114	1003,198	-25,013	0,883	0,820	NaN	0,522	0,605	55,360
10:19:02,422	20,328	23,750	23,650	-24,978	23,685	-0,001	25,040	23,826	22,726	22,951	23,009	-24,940	23,039	23,772	22,958	22,942	15,168	16,280	1,010	-0,053	1,060	-5,017	-3,993	-0,045	-4,993	8,643	1,753	1,514	1,116	1,309	1,122	1,089	1,105	1,123	-15000,728	-2499,845	-51,498	1,069	1,034	3,706	5,676	0,740	3,471	14,186	41,630	26,433	23,817	24,765	1,025	8,999	107,555	1000,789	-25,007	0,875	0,820	NaN	0,522	0,599	55,875
10:19:02,922	20,274	23,780	23,626	-24,923	23,665	-0,001	25,097	23,833	22,705	22,914	23,008	-24,917	22,999	23,792	22,971	22,941	15,244	16,295	1,018	-0,040	1,060	-5,014	-3,992	-0,009	-4,994	8,654	1,744	1,523	1,120	1,299	1,134	1,081	1,128	1,130	-15003,110	-2499,427	-58,026	1,037	0,887	3,756	5,607	0,736	3,476	14,323	41,675	26,493	23,727	24,776	1,011	8,991	107,591	1004,324	-25,008	0,887	0,821	NaN	0,530	0,593	56,391
10:19:03,391	20,348	23,783	23,628	-24,957	23,642	-0,001	25,140	23,801	22,697	22,897	22,962	-24,984	22,975	23,733	22,922	22,903	15,193	16,319	1,001	-0,034	1,067	-5,017	-3,996	0,044	-4,993	8,648	1,761	1,530	1,119	1,329	1,120	1,087	1,118	1,119	-14999,438	-2499,188	-64,117	1,055	0,952	3,859	5,632	0,738	3,480	14,275	41,680	26,460	23,685	24,737	1,057	8,970	107,305	998,445	-25,014	0,911	0,822	NaN	0,527	0,595	56,891
10:19:03,907	20,388	23,752	23,599	-24,909	23,699	-0,001	25,084	23,824	22,745	22,867	22,965	-24,924	22,991	23,749	22,942	22,916	15,189	16,306	1,006	-0,050	1,059	-5,016	-3,988	-0,063	-4,998	8,646	1,755	1,512	1,125	1,303	1,123	1,064	1,111	1,136	-15001,148	-2499,172	-64,466	1,046	0,961	3,844	5,652	0,765	3,471	14,257	41,684	26,389	23,824	24,758	1,009	8,985	107,217	1005,047	-25,009	0,908	0,820	NaN	0,525	0,599	57,360
10:19:04,391	20,316	23,841	23,645	-24,984	23,580	-0,001	24,924	23,772	22,690	22,922	22,963	-24,944	23,043	23,724	22,979	22,903	15,215	16,311	1,005	-0,053	1,060	-5,016	-3,991	-0,128	-4,989	8,647	1,748	1,504	1,124	1,311	1,127	1,076	1,114	1,130	-15003,062	-2499,971	-55,863	1,056	0,899	3,778	5,652	0,732	3,471	14,242	41,642	26,507	23,925	24,819	0,970	9,048	107,146	1001,584	-25,009	0,892	0,820	NaN	0,520	0,603	57,875
10:19:04,922	20,327	23,811	23,624	-24,973	23,665	-0,001	25,039	23,763	22,676	22,877	22,927	-24,894	22,984	23,755	22,923	22,869	15,172	16,278	1,007	-0,061	1,058	-5,015	-3,993	-0,055	-4,992	8,639	1,744	1,520	1,123	1,308	1,121	1,081	1,104	1,123	-15001,725	-2499,955	-54,772	1,047	1,090	3,726	5,665	0,739	3,477	14,201	41,651	26,404	23,755	24,793	1,004	8,960	107,269	1004,618	-25,007	0,880	0,821	NaN	0,526	0,598	58,375
10:19:05,391	20,299	23,740	23,615	-24,932	23,672	-0,001	24,988	23,771	22,751	22,895	22,965	-24,896	23,006	23,747	22,948	22,938	15,196	16,296	0,996	-0,044	1,070	-5,018	-3,992	0,055	-4,993	8,646	1,740	1,515	1,130	1,299	1,126	1,080	1,112	1,131	-15003,540	-2499,533	-76,781	1,055	0,923	3,796	5,656	0,732	3,473	14,206	41,676	26,443	23,882	24,863	1,010	8,965	106,805	998,555	-25,009	0,896	0,820	NaN	0,523	0,597	58,891
10:19:05,922	20,275	23,775	23,595	-24,991	23,616	-0,001	24,901	23,829	22,710	22,918	22,953	-24,868	22,971	23,795	22,990	22,927	15,221	16,325	1,003	-0,044	1,066	-5,014	-3,988	-0,035	-4,993	8,657	1,754	1,512	1,123	1,312	1,116	1,058	1,125	1,141	-15002,413	-2498,900	-73,681	1,044	0,926	3,786	5,616	0,731	3,474	14,252	41,662	26,424	23,869	24,832	1,055	8,985	106,825	1003,877	-25,012	0,894	0,820	NaN	0,523	0,601	59,360
10:19:06,407	20,308	23,852	23,609	-24,928	23,615	-0,001	24,965	23,808	22,729	22,925	22,937	-24,971	22,955	23,768	22,959	22,893	15,277	16,332	1,005	-0,047	1,064	-5,016	-3,988	0,042	-4,992	8,646	1,756	1,517	1,120	1,306	1,136	1,088	1,113	1,134	-14999,114	-2498,142	-74,487	1,010	0,941	3,744	5,633	0,724	3,478	14,187	41,659	26,406	23,898	24,856	0,968	9,043	107,377	998,496	-25,009	0,884	0,821	NaN	0,519	0,602	59,891
10:19:06,907	20,285	23,788	23,618	-24,900	23,616	-0,001	24,894	23,767	22,713	22,927	22,969	-24,891	22,979	23,743	22,958	22,937	15,172	16,304	1,013	-0,043	1,067	-5,015	-3,990	0,065	-4,991	8,647	1,734	1,529	1,120	1,314	1,125	1,089	1,117	1,124	-15001,619	-2499,123	-56,495	1,048	0,952	3,728	5,631	0,749	3,473	14,359	41,717	26,497	23,840	24,780	1,005	8,973	107,866	1005,276	-25,004	0,880	0,820	NaN	0,524	0,601	60,375
