26.01.2022	Weißöl/LuftZeit	TIT-01b	TIT-02a	TIT-02b	TIT-03a	TIT-03b	TIT-04a	TIT-04b	TIT-05	TIT-06	TIT-07	TIT-08	TIT-11	TIT-13	TIT-14	TIT-15	TIT-16	TITC-1	TITC-2	PIT-01	PIT-02	PIT-03a	leer	PIT-04a E+H abs	PIT-04b	PIT-04c	PIT-05	PIT-06	PIT-07	PIT-08	PIT-09	PIT-10	PIT-11	PIT-13	PIT-14	PDI-04 [Pa] 	leer	PDI-01 [Pa]	PIT-03b [Pa]	FIT-001[m³/h]	FIT-002 [m³/h]	FIT-003 [m³/h]	FIT-004 [m³/h]	FIT-005 [m³/h]	LIT-001	LIT-002	LIT-004	TMMP-1	TMMP-2	PMMP-1	PMMP-2	M(MPP)	n(MPP)	LIT(MPP)	M_dot (FIT002) [kg/s]	M_dot (FIT005) [kg/s]	eta_th	eta_vol	alpha	Vestrichene Zeit09:45:36,938	20,216	23,702	23,479	-24,925	23,366	-0,001	24,937	23,716	22,542	23,178	23,183	-24,931	23,033	23,894	23,186	23,186	15,248	17,015	1,003	-0,032	1,061	-5,016	-3,994	-0,001	-4,992	8,446	1,169	1,728	1,118	1,306	1,139	1,072	1,114	1,117	-15001,587	-2499,614	-61,114	1,017	0,920	8,793	2,175	0,279	8,399	16,427	41,349	25,004	23,369	23,808	0,996	9,010	111,943	1001,905	-25,005	2,076	1,983	NaN	0,607	0,197	0,000
09:45:37,391	20,254	23,703	23,508	-24,958	23,292	-0,001	24,906	23,711	22,572	23,197	23,201	-25,001	23,036	23,851	23,167	23,201	15,204	16,975	1,009	-0,056	1,059	-5,014	-3,993	-0,017	-4,993	8,441	1,161	1,693	1,118	1,322	1,127	1,074	1,128	1,140	-14995,937	-2499,894	-53,224	1,035	0,902	8,795	2,164	0,276	8,394	16,455	41,354	25,064	23,447	23,702	1,019	8,981	111,754	998,164	-25,003	2,077	1,982	NaN	0,601	0,198	0,578
09:45:38,000	20,231	23,714	23,500	-24,964	23,345	-0,001	24,921	23,686	22,547	23,134	23,157	-24,931	23,023	23,855	23,204	23,169	15,266	16,981	1,005	-0,077	1,057	-5,016	-3,993	-0,013	-4,991	8,441	1,170	1,717	1,118	1,322	1,126	1,072	1,112	1,137	-15002,113	-2498,410	-59,060	1,018	0,959	8,774	2,164	0,280	8,405	16,403	41,236	24,982	23,440	23,608	0,988	8,997	111,842	1004,483	-25,011	2,072	1,984	NaN	0,604	0,196	1,047
09:45:38,532	20,215	23,671	23,494	-24,947	23,496	-0,001	24,807	23,696	22,551	23,214	23,234	-24,931	23,040	23,797	23,101	23,156	15,243	17,034	0,994	-0,051	1,061	-5,017	-3,989	0,003	-4,993	8,451	1,170	1,715	1,135	1,316	1,128	1,078	1,144	1,159	-15002,300	-2500,664	-65,471	1,018	0,936	8,764	2,143	0,283	8,382	16,357	41,300	24,989	23,446	23,676	1,024	8,960	112,000	998,905	-25,009	2,069	1,979	NaN	0,599	0,198	1,656
09:45:39,047	20,223	23,695	23,484	-24,957	23,340	-0,001	24,810	23,689	22,532	23,168	23,217	-24,915	23,032	23,801	23,149	23,136	15,253	16,992	1,015	-0,044	1,055	-5,017	-3,994	-0,009	-4,993	8,434	1,168	1,719	1,131	1,314	1,132	1,071	1,113	1,108	-15000,671	-2499,432	-54,221	1,041	0,828	8,725	2,160	0,281	8,372	16,452	41,326	25,045	23,291	23,821	0,940	9,007	111,665	1004,182	-25,012	2,060	1,977	NaN	0,599	0,199	2,187
09:45:39,532	20,227	23,732	23,481	-24,934	23,361	-0,001	24,943	23,706	22,567	23,103	23,195	-24,878	23,085	23,856	23,154	23,178	15,234	17,024	0,985	-0,049	1,061	-5,014	-3,990	0,023	-4,991	8,437	1,175	1,727	1,119	1,318	1,122	1,069	1,129	1,134	-15004,788	-2500,579	-57,998	1,031	0,894	8,676	2,149	0,271	8,360	16,502	41,283	25,018	23,607	23,692	0,972	9,043	111,756	999,741	-25,010	2,049	1,974	NaN	0,597	0,198	2,703
09:45:40,094	20,238	23,680	23,518	-24,930	23,294	-0,001	24,891	23,696	22,594	23,118	23,208	-24,926	23,040	23,893	23,050	23,145	15,256	17,015	1,009	-0,046	1,063	-5,016	-3,989	-0,021	-4,994	8,439	1,172	1,716	1,114	1,319	1,135	1,085	1,121	1,139	-15003,280	-2498,965	-53,423	1,029	0,952	8,707	2,152	0,280	8,335	16,479	41,381	25,035	23,253	23,743	1,033	9,002	111,797	1004,085	-25,006	2,056	1,968	NaN	0,601	0,198	3,187
09:45:40,688	20,230	23,706	23,487	-24,934	23,285	-0,001	24,825	23,682	22,585	23,140	23,226	-24,969	23,041	23,883	23,102	23,203	15,221	17,048	0,999	-0,047	1,065	-5,017	-3,992	-0,021	-4,991	8,439	1,178	1,735	1,116	1,318	1,128	1,081	1,111	1,124	-14998,556	-2499,853	-63,611	1,038	1,000	8,735	2,161	0,278	8,332	16,409	41,321	25,002	23,364	23,699	1,011	8,988	111,406	1000,080	-25,007	2,063	1,967	NaN	0,603	0,196	3,859
09:45:41,172	20,239	23,688	23,526	-24,958	23,222	-0,001	24,884	23,700	22,554	23,133	23,183	-24,939	23,060	23,877	23,059	23,167	15,239	17,006	1,009	-0,041	1,057	-5,018	-3,993	-0,006	-4,994	8,447	1,188	1,721	1,131	1,326	1,102	1,080	1,114	1,122	-14998,296	-2501,013	-61,422	1,032	0,937	8,808	2,154	0,266	8,327	16,415	41,297	25,112	23,418	23,698	1,001	8,963	111,277	1004,157	-25,011	2,080	1,966	NaN	0,608	0,197	4,343
09:45:41,736	20,221	23,695	23,494	-24,923	23,327	-0,001	24,834	23,706	22,607	23,152	23,246	-24,954	23,044	23,885	23,091	23,150	15,277	17,015	1,002	-0,053	1,056	-5,017	-3,992	0,001	-4,993	8,430	1,177	1,722	1,137	1,319	1,125	1,083	1,110	1,142	-14996,684	-2500,328	-59,429	1,044	0,667	8,835	2,161	0,289	8,313	16,464	41,347	25,059	23,249	23,730	0,975	8,964	111,870	998,065	-25,008	2,086	1,963	NaN	0,604	0,198	4,843
09:45:42,203	20,212	23,682	23,508	-24,964	23,349	-0,001	24,856	23,642	22,581	23,124	23,215	-24,978	23,010	23,871	23,074	23,153	15,241	17,047	1,014	-0,039	1,061	-5,018	-3,997	-0,016	-4,997	8,440	1,181	1,733	1,108	1,322	1,131	1,076	1,109	1,129	-15000,477	-2499,695	-53,735	1,018	0,962	8,814	2,171	0,298	8,316	16,434	41,347	25,006	23,587	23,696	0,992	8,933	111,377	1004,146	-25,014	2,081	1,964	NaN	0,606	0,197	5,375
09:45:42,736	20,209	23,703	23,505	-24,959	23,245	-0,001	24,877	23,708	22,568	23,163	23,187	-24,899	23,011	23,911	23,037	23,119	15,270	16,990	0,998	-0,040	1,062	-5,016	-3,990	-0,013	-4,995	8,443	1,168	1,712	1,119	1,329	1,127	1,082	1,119	1,125	-15001,497	-2499,618	-60,673	1,020	0,912	8,801	2,154	0,276	8,308	16,356	41,340	24,941	23,421	23,635	0,993	8,986	111,758	998,105	-25,010	2,078	1,962	NaN	0,599	0,198	5,859
09:45:43,219	20,215	23,696	23,472	-24,894	23,347	-0,001	24,812	23,704	22,624	23,140	23,204	-24,900	23,057	23,866	23,066	23,094	15,204	16,990	1,005	-0,068	1,061	-5,016	-3,991	-0,059	-4,991	8,434	1,184	1,721	1,116	1,320	1,143	1,080	1,131	1,138	-15001,165	-2498,677	-58,805	1,040	0,883	8,727	2,148	0,289	8,317	16,357	41,362	24,899	23,250	23,641	0,983	9,001	111,820	1003,171	-25,003	2,061	1,964	NaN	0,598	0,200	6,390
09:45:43,750	20,238	23,678	23,525	-24,954	23,420	-0,001	24,873	23,735	22,570	23,108	23,213	-24,925	23,028	23,881	23,101	23,176	15,228	16,967	1,001	-0,060	1,056	-5,017	-3,994	0,073	-4,994	8,456	1,175	1,732	1,127	1,322	1,136	1,072	1,117	1,130	-15003,945	-2499,634	-57,812	1,039	0,966	8,673	2,164	0,239	8,328	16,411	41,362	24,966	23,369	23,665	0,983	9,010	111,548	1001,166	-25,008	2,048	1,966	NaN	0,593	0,200	6,875
09:45:44,250	20,268	23,683	23,496	-24,948	23,278	-0,001	24,858	23,734	22,625	23,154	23,236	-24,903	23,032	23,915	23,071	23,114	15,253	17,028	1,002	-0,052	1,068	-5,018	-3,991	-0,051	-4,990	8,439	1,183	1,699	1,131	1,318	1,119	1,086	1,115	1,129	-14999,155	-2500,109	-59,234	1,020	0,963	8,636	2,163	0,246	8,326	16,348	41,288	24,944	23,298	23,633	0,988	8,988	111,481	1004,906	-25,020	2,039	1,966	NaN	0,595	0,201	7,406
09:45:44,828	20,220	23,750	23,505	-24,979	23,313	-0,001	24,806	23,727	22,631	23,107	23,186	-24,973	23,057	23,903	23,016	23,184	15,262	17,010	1,007	-0,055	1,057	-5,015	-3,990	-0,029	-4,992	8,443	1,165	1,731	1,122	1,323	1,121	1,069	1,105	1,125	-15001,546	-2500,591	-56,730	0,996	0,973	8,632	2,168	0,302	8,319	16,415	41,331	24,997	23,329	23,648	0,990	8,962	111,328	1001,058	-25,012	2,038	1,964	NaN	0,597	0,200	7,906
09:45:45,313	20,230	23,708	23,573	-24,961	23,302	-0,001	24,814	23,703	22,573	23,159	23,226	-24,964	23,077	23,944	23,095	23,207	15,204	16,962	0,999	-0,059	1,061	-5,015	-3,995	0,051	-4,989	8,443	1,170	1,727	1,116	1,316	1,131	1,088	1,109	1,117	-14999,893	-2500,023	-54,262	1,040	0,980	8,706	2,181	0,276	8,325	16,350	41,315	24,888	23,341	23,648	1,012	9,007	111,598	1005,545	-25,010	2,056	1,966	NaN	0,603	0,198	8,468
09:45:45,828	20,216	23,690	23,438	-24,953	23,437	-0,001	24,810	23,744	22,580	23,104	23,204	-24,920	23,047	23,981	23,026	23,199	15,242	16,981	1,012	-0,052	1,061	-5,017	-3,995	-0,022	-4,993	8,443	1,172	1,711	1,116	1,309	1,120	1,081	1,106	1,116	-15000,233	-2499,561	-66,500	1,027	0,956	8,761	2,170	0,276	8,328	16,405	41,434	24,941	23,348	23,503	0,993	9,000	112,279	1000,514	-25,012	2,069	1,966	NaN	0,603	0,199	8,968
09:45:46,328	20,226	23,654	23,500	-24,926	23,323	-0,001	24,933	23,697	22,605	23,080	23,238	-24,945	23,063	23,955	23,075	23,214	15,281	16,998	1,009	-0,068	1,067	-5,015	-3,993	-0,029	-4,992	8,439	1,178	1,707	1,112	1,322	1,114	1,077	1,114	1,127	-15001,830	-2499,744	-59,542	1,029	1,051	8,782	2,177	0,291	8,328	16,372	41,334	24,966	23,282	23,536	0,941	8,988	112,453	1003,516	-25,001	2,074	1,966	NaN	0,602	0,199	9,484
09:45:46,828	20,234	23,673	23,493	-24,951	23,345	-0,001	24,752	23,738	22,554	23,087	23,188	-24,918	23,028	23,981	23,032	23,195	15,272	17,055	1,002	-0,059	1,070	-5,016	-3,992	-0,027	-4,991	8,443	1,178	1,699	1,113	1,311	1,133	1,072	1,126	1,135	-15000,362	-2499,144	-59,822	1,037	0,891	8,738	2,167	0,261	8,320	16,421	41,300	24,953	23,405	23,623	0,967	8,957	111,786	1000,164	-25,011	2,063	1,964	NaN	0,597	0,201	9,984
09:45:47,328	20,257	23,708	23,489	-24,970	23,416	-0,001	24,875	23,710	22,558	23,059	23,234	-24,934	23,070	23,955	23,063	23,215	15,284	16,945	1,016	-0,048	1,055	-5,018	-3,990	-0,001	-4,993	8,434	1,174	1,708	1,132	1,315	1,133	1,076	1,115	1,128	-15001,197	-2500,275	-62,719	1,004	1,048	8,659	2,185	0,319	8,335	16,413	41,391	25,070	23,461	23,492	1,010	9,029	112,166	1003,742	-25,012	2,044	1,968	NaN	0,602	0,202	10,484
09:45:47,844	20,222	23,642	23,499	-24,956	23,274	-0,001	24,882	23,669	22,527	23,095	23,202	-24,854	23,033	23,937	23,036	23,175	15,245	17,050	1,003	-0,043	1,061	-5,016	-3,991	0,032	-4,992	8,445	1,178	1,722	1,117	1,316	1,121	1,080	1,105	1,128	-15001,895	-2500,177	-55,907	1,017	1,013	8,686	2,193	0,267	8,306	16,372	41,318	25,011	23,300	23,545	1,045	9,008	112,236	996,817	-25,011	2,051	1,961	NaN	0,600	0,200	10,984
09:45:48,328	20,230	23,724	23,551	-24,962	23,301	-0,001	24,930	23,641	22,492	23,099	23,219	-24,870	23,044	23,927	23,066	23,188	15,250	17,002	1,012	-0,034	1,059	-5,017	-3,994	0,077	-4,992	8,453	1,190	1,713	1,126	1,319	1,124	1,077	1,123	1,125	-14999,033	-2499,164	-58,168	0,995	0,901	8,731	2,186	0,262	8,290	16,497	41,310	24,998	23,355	23,578	1,025	9,028	112,217	1005,410	-25,003	2,062	1,957	NaN	0,604	0,200	11,500
09:45:48,736	20,206	23,663	23,518	-24,945	23,281	-0,001	24,874	23,689	22,546	23,118	23,238	-24,921	23,090	23,946	23,043	23,148	15,205	17,041	0,992	-0,053	1,060	-5,017	-3,993	0,041	-4,992	8,435	1,181	1,709	1,123	1,314	1,124	1,069	1,125	1,134	-15002,916	-2499,910	-54,282	0,992	0,906	8,742	2,181	0,311	8,272	16,477	41,278	25,037	23,329	23,645	0,980	8,994	112,399	1000,385	-25,015	2,064	1,953	NaN	0,598	0,202	11,984
09:45:49,203	20,243	23,676	23,560	-24,916	23,326	-0,001	24,869	23,637	22,568	23,127	23,190	-24,913	23,035	23,950	23,090	23,198	15,241	17,048	1,007	-0,047	1,060	-5,017	-3,994	0,004	-4,997	8,440	1,169	1,723	1,123	1,310	1,118	1,078	1,115	1,123	-15002,389	-2500,044	-59,603	1,033	0,958	8,686	2,199	0,305	8,238	16,360	41,346	24,941	23,300	23,706	1,026	8,960	111,726	1004,454	-25,011	2,051	1,945	NaN	0,600	0,204	12,390
09:45:49,703	20,234	23,634	23,439	-24,957	23,339	-0,001	24,808	23,727	22,547	23,141	23,192	-24,920	23,092	23,895	23,098	23,176	15,204	16,979	0,994	-0,054	1,055	-5,017	-3,991	-0,034	-4,992	8,453	1,176	1,705	1,122	1,321	1,118	1,084	1,103	1,129	-15000,679	-2499,586	-59,023	1,035	0,920	8,641	2,211	0,317	8,242	16,459	41,335	24,982	23,414	23,670	0,979	9,021	111,900	998,647	-25,010	2,040	1,946	NaN	0,596	0,204	12,859
09:45:50,219	20,206	23,683	23,500	-24,954	23,359	-0,001	24,823	23,698	22,623	23,120	23,230	-24,941	23,036	23,889	23,100	23,150	15,245	17,032	1,013	-0,052	1,069	-5,015	-3,995	-0,004	-4,990	8,440	1,160	1,710	1,123	1,318	1,122	1,098	1,113	1,132	-15001,668	-2500,453	-62,095	1,028	0,948	8,643	2,211	0,310	8,227	16,447	41,322	24,906	23,538	23,536	1,048	8,983	111,686	1005,030	-25,010	2,041	1,943	NaN	0,596	0,204	13,375
09:45:50,782	20,233	23,706	23,516	-24,907	23,347	-0,001	24,726	23,680	22,621	23,142	23,170	-24,989	23,070	23,859	23,088	23,117	15,198	17,009	1,008	-0,041	1,068	-5,017	-3,993	-0,109	-4,992	8,439	1,165	1,712	1,123	1,311	1,130	1,077	1,107	1,135	-15000,752	-2499,825	-61,937	1,010	0,940	8,652	2,212	0,280	8,208	16,400	41,325	25,011	23,393	23,610	0,997	9,009	111,501	1005,561	-25,010	2,043	1,938	NaN	0,599	0,201	13,875
09:45:51,297	20,215	23,697	23,516	-24,923	23,373	-0,001	24,801	23,692	22,631	23,175	23,177	-24,987	23,039	23,911	23,083	23,161	15,236	17,052	0,998	-0,044	1,065	-5,018	-3,990	-0,002	-4,995	8,445	1,187	1,708	1,122	1,327	1,115	1,079	1,126	1,121	-15000,209	-2498,937	-59,574	1,001	0,943	8,688	2,184	0,274	8,190	16,350	41,292	24,964	23,360	23,658	0,967	9,003	112,227	1002,123	-25,007	2,051	1,934	NaN	0,602	0,200	14,437
09:45:51,813	20,216	23,688	23,521	-24,955	23,371	-0,001	24,851	23,703	22,631	23,146	23,175	-24,939	23,052	23,948	23,057	23,116	15,238	16,989	0,996	-0,053	1,064	-5,017	-3,992	-0,029	-4,993	8,445	1,180	1,722	1,120	1,316	1,139	1,071	1,137	1,131	-15002,146	-2499,622	-56,393	1,028	0,960	8,737	2,182	0,277	8,172	16,381	41,255	25,002	23,450	23,711	1,013	8,946	111,504	1003,589	-25,017	2,063	1,929	NaN	0,600	0,201	14,937
09:45:52,297	20,189	23,696	23,462	-24,949	23,354	-0,001	24,865	23,701	22,649	23,173	23,175	-24,906	23,016	23,916	23,080	23,114	15,305	16,982	0,999	-0,052	1,055	-5,017	-3,992	-0,147	-4,992	8,438	1,172	1,729	1,111	1,324	1,129	1,091	1,123	1,128	-15000,185	-2499,788	-55,287	1,027	0,937	8,709	2,195	0,258	8,177	16,404	41,294	25,032	23,400	23,591	0,989	8,974	111,099	1004,594	-25,015	2,056	1,931	NaN	0,597	0,202	15,468
09:45:52,828	20,231	23,687	23,528	-24,961	23,303	-0,001	24,865	23,682	22,653	23,186	23,158	-24,898	23,048	23,874	23,094	23,124	15,249	17,023	1,003	-0,023	1,061	-5,017	-3,993	-0,029	-4,994	8,437	1,180	1,725	1,118	1,313	1,150	1,086	1,119	1,122	-15002,121	-2500,093	-54,525	0,994	0,924	8,656	2,197	0,292	8,177	16,453	41,346	24,918	23,386	23,723	0,883	8,992	111,299	1003,481	-25,009	2,044	1,931	NaN	0,597	0,204	15,953
09:45:53,313	20,217	23,672	23,484	-24,947	23,244	-0,001	24,897	23,764	22,619	23,202	23,174	-24,924	23,027	23,826	23,069	23,145	15,232	17,012	1,002	-0,044	1,063	-5,017	-3,994	-0,014	-4,992	8,446	1,167	1,712	1,122	1,317	1,124	1,085	1,110	1,126	-14999,472	-2499,768	-61,082	1,034	0,812	8,640	2,209	0,303	8,175	16,383	41,302	25,005	23,278	23,715	0,922	8,979	111,997	1003,586	-25,006	2,040	1,930	NaN	0,596	0,203	16,468
09:45:53,875	20,246	23,688	23,506	-24,922	23,309	-0,001	24,858	23,704	22,657	23,191	23,205	-24,927	23,099	23,858	23,085	23,143	15,213	16,984	1,005	-0,050	1,066	-5,017	-3,992	0,041	-4,993	8,443	1,192	1,724	1,123	1,306	1,130	1,085	1,116	1,139	-15001,587	-2499,890	-56,499	1,030	0,818	8,637	2,204	0,288	8,183	16,486	41,330	25,003	23,295	24,105	1,017	9,031	111,930	1004,308	-25,002	2,039	1,932	NaN	0,602	0,204	16,968
09:45:54,375	20,239	23,673	23,501	-24,956	23,309	-0,001	24,783	23,778	22,624	23,165	23,166	-24,918	23,040	23,846	23,052	23,164	15,226	17,042	1,019	-0,041	1,059	-5,017	-3,995	0,002	-4,993	8,446	1,181	1,719	1,137	1,303	1,125	1,083	1,109	1,135	-15000,177	-2500,518	-65,665	1,007	0,889	8,691	2,229	0,266	8,196	16,382	41,311	24,901	23,403	23,782	0,996	8,987	112,504	1001,374	-25,010	2,052	1,935	NaN	0,602	0,202	17,531
09:45:54,907	20,213	23,669	23,507	-24,953	23,319	-0,001	24,871	23,734	22,654	23,130	23,200	-24,946	23,029	23,843	23,089	23,109	15,223	17,032	1,006	-0,051	1,059	-5,015	-3,992	-0,061	-4,992	8,442	1,176	1,712	1,131	1,302	1,120	1,073	1,119	1,119	-15000,087	-2499,687	-62,865	1,022	0,865	8,737	2,208	0,298	8,207	16,440	41,296	24,996	23,299	23,829	0,998	9,089	111,607	1004,456	-25,010	2,063	1,938	NaN	0,600	0,203	18,031
09:45:55,391	20,245	23,709	23,482	-24,943	23,317	-0,001	24,752	23,722	22,675	23,126	23,177	-24,906	23,052	23,836	23,112	23,113	15,259	16,976	1,003	-0,062	1,065	-5,017	-3,988	-0,010	-4,991	8,435	1,183	1,710	1,130	1,317	1,102	1,074	1,118	1,136	-15003,297	-2499,646	-56,146	1,015	0,943	8,708	2,213	0,298	8,203	16,425	41,319	25,026	23,450	23,668	0,942	8,986	111,636	1005,022	-25,010	2,056	1,937	NaN	0,602	0,204	18,562
09:45:55,907	20,216	23,711	23,493	-24,933	23,377	-0,001	25,065	23,753	22,624	23,172	23,169	-24,922	23,051	23,792	23,085	23,095	15,284	16,987	1,009	-0,046	1,057	-5,017	-3,990	0,004	-4,992	8,446	1,187	1,727	1,116	1,332	1,131	1,068	1,105	1,143	-14999,876	-2499,132	-56,446	1,053	0,931	8,727	2,235	0,295	8,216	16,483	41,340	25,056	23,084	23,701	0,992	8,990	111,703	1004,591	-25,003	2,061	1,940	NaN	0,602	0,203	19,062
09:45:56,407	20,243	23,717	23,432	-24,961	23,397	-0,001	24,861	23,740	22,641	23,132	23,195	-24,855	23,042	23,798	23,047	23,113	15,242	16,987	0,999	-0,042	1,064	-5,015	-3,993	-0,013	-4,993	8,446	1,193	1,708	1,123	1,316	1,125	1,087	1,109	1,141	-14997,372	-2499,833	-62,545	1,032	1,021	8,697	2,216	0,309	8,218	16,387	41,318	24,944	23,459	23,649	1,000	8,987	112,362	1000,536	-25,011	2,054	1,940	NaN	0,601	0,206	19,562
09:45:56,953	20,209	23,687	23,492	-24,998	23,298	-0,001	24,728	23,739	22,573	23,215	23,148	-24,926	23,087	23,846	23,085	23,129	15,226	17,014	1,004	-0,046	1,061	-5,016	-3,991	-0,022	-4,995	8,439	1,170	1,720	1,110	1,318	1,125	1,082	1,092	1,134	-15002,883	-2500,405	-57,565	1,039	0,970	8,692	2,249	0,285	8,223	16,394	41,269	24,978	23,410	23,836	0,998	8,981	111,853	1002,934	-25,015	2,052	1,942	NaN	0,603	0,205	20,062
09:45:57,438	20,234	23,687	23,528	-24,952	23,314	-0,001	24,807	23,757	22,588	23,145	23,185	-24,939	23,055	23,897	23,060	23,120	15,288	17,024	1,011	-0,035	1,063	-5,017	-3,994	-0,029	-4,992	8,442	1,177	1,720	1,133	1,306	1,129	1,066	1,106	1,134	-14999,966	-2500,190	-55,421	1,061	0,959	8,694	2,239	0,297	8,228	16,310	41,207	24,996	23,406	23,835	1,024	9,031	112,104	999,663	-25,009	2,053	1,943	NaN	0,601	0,204	20,609
09:45:57,953	20,240	23,687	23,470	-24,945	23,307	-0,001	24,894	23,755	22,574	23,160	23,190	-24,915	23,067	23,863	23,060	23,146	15,228	17,019	0,995	-0,039	1,061	-5,016	-3,990	-0,066	-4,994	8,442	1,173	1,714	1,119	1,314	1,132	1,088	1,103	1,129	-15000,387	-2498,576	-58,055	1,016	0,918	8,710	2,238	0,308	8,231	16,421	41,286	25,075	23,334	23,852	0,982	9,013	111,978	1004,214	-25,010	2,056	1,943	NaN	0,605	0,204	21,093
09:45:58,438	20,219	23,711	23,536	-24,955	23,321	-0,001	25,046	23,775	22,629	23,161	23,209	-24,903	23,078	23,904	23,097	23,131	15,305	16,980	1,008	-0,049	1,066	-5,017	-3,993	-0,034	-4,993	8,448	1,174	1,724	1,123	1,316	1,123	1,082	1,107	1,136	-15001,101	-2499,261	-61,674	1,054	1,018	8,722	2,231	0,243	8,231	16,508	41,345	25,094	23,338	23,722	0,991	9,000	112,464	998,364	-25,007	2,059	1,944	NaN	0,601	0,203	21,625
09:45:58,969	20,261	23,695	23,520	-24,969	23,302	-0,001	24,920	23,787	22,605	23,128	23,192	-24,963	23,057	23,883	23,012	23,129	15,239	17,011	1,015	-0,060	1,065	-5,018	-3,994	-0,098	-4,992	8,449	1,177	1,724	1,131	1,305	1,124	1,087	1,103	1,131	-15001,344	-2499,107	-62,075	0,988	0,970	8,732	2,227	0,257	8,238	16,479	41,284	25,051	23,395	23,734	0,962	8,954	112,137	1005,154	-25,013	2,062	1,945	NaN	0,608	0,202	22,093
09:45:59,469	20,243	23,724	23,520	-24,958	23,260	-0,001	24,880	23,760	22,592	23,156	23,167	-24,883	23,147	23,891	23,041	23,126	15,278	17,003	1,000	-0,056	1,059	-5,019	-3,993	-0,041	-4,991	8,444	1,172	1,720	1,118	1,322	1,114	1,078	1,123	1,144	-15002,259	-2499,910	-59,810	1,057	0,859	8,713	2,211	0,267	8,248	16,454	41,309	24,997	23,430	23,671	0,997	8,991	112,485	993,338	-25,005	2,057	1,947	NaN	0,599	0,204	22,625
09:46:00,032	20,281	23,702	23,510	-24,961	23,446	-0,001	24,866	23,733	22,585	23,144	23,216	-24,894	23,069	23,909	23,055	23,128	15,212	17,003	0,993	-0,044	1,061	-5,015	-3,996	-0,009	-4,994	8,446	1,174	1,714	1,119	1,328	1,142	1,078	1,118	1,130	-15001,376	-2499,253	-65,459	1,022	0,805	8,642	2,215	0,297	8,243	16,372	41,223	25,058	23,471	23,670	0,940	8,995	112,262	1000,495	-25,010	2,040	1,946	NaN	0,606	0,203	23,125
09:46:00,469	20,255	23,662	23,579	-24,948	23,349	-0,001	24,912	23,704	22,581	23,149	23,224	-24,869	23,078	23,905	23,116	23,140	15,246	17,028	1,001	-0,045	1,059	-5,016	-3,992	-0,034	-4,993	8,454	1,175	1,718	1,125	1,318	1,116	1,089	1,116	1,137	-15000,768	-2499,825	-57,613	1,014	0,987	8,690	2,211	0,267	8,242	16,502	41,390	25,026	23,383	23,699	0,959	8,967	111,553	994,271	-25,008	2,052	1,946	NaN	0,601	0,202	23,687
09:46:01,000	20,191	23,666	23,493	-24,988	23,301	-0,001	24,809	23,789	22,606	23,175	23,143	-25,012	23,089	23,902	23,096	23,128	15,243	17,027	1,010	-0,047	1,067	-5,015	-3,997	0,105	-4,991	8,455	1,157	1,718	1,123	1,320	1,120	1,085	1,118	1,139	-15004,107	-2499,667	-53,463	1,032	1,043	8,723	2,213	0,259	8,251	16,508	41,336	25,091	23,347	23,752	0,978	8,990	111,670	1004,602	-25,013	2,060	1,948	NaN	0,610	0,201	24,140
09:46:01,486	20,242	23,715	23,525	-24,957	23,276	-0,001	24,865	23,748	22,597	23,111	23,159	-24,954	23,063	23,907	23,108	23,145	15,235	17,023	1,011	-0,039	1,062	-5,017	-3,993	-0,018	-4,995	8,433	1,162	1,718	1,108	1,307	1,125	1,080	1,108	1,140	-15001,303	-2499,557	-59,935	1,052	0,976	8,801	2,220	0,276	8,255	16,456	41,301	25,069	23,473	23,631	0,979	9,012	111,401	996,545	-25,009	2,078	1,949	NaN	0,607	0,200	24,656
09:46:02,000	20,234	23,676	23,515	-24,930	23,317	-0,001	24,807	23,740	22,586	23,166	23,167	-24,972	23,042	23,894	23,074	23,097	15,272	17,061	0,995	-0,045	1,069	-5,016	-3,992	-0,075	-4,990	8,446	1,180	1,713	1,115	1,314	1,114	1,090	1,119	1,135	-15001,902	-2500,255	-68,048	0,998	0,994	8,824	2,203	0,287	8,256	16,390	41,266	25,042	23,297	23,732	0,979	8,992	111,532	1001,684	-25,003	2,083	1,949	NaN	0,605	0,201	25,140
09:46:02,486	20,212	23,654	23,595	-24,972	23,289	-0,001	24,850	23,814	22,571	23,160	23,158	-24,929	23,035	23,833	23,027	23,106	15,219	17,027	0,991	-0,047	1,057	-5,016	-3,994	-0,025	-4,993	8,443	1,181	1,724	1,116	1,309	1,136	1,086	1,117	1,139	-15000,079	-2499,456	-67,408	1,032	0,917	8,738	2,196	0,288	8,256	16,362	41,289	24,965	23,316	23,663	1,011	8,970	111,298	997,933	-25,011	2,063	1,949	NaN	0,600	0,202	25,656
09:46:03,016	20,210	23,669	23,549	-24,979	23,318	-0,001	24,864	23,757	22,601	23,150	23,173	-24,922	23,017	23,899	23,074	23,146	15,258	17,031	0,999	-0,035	1,060	-5,015	-3,991	-0,140	-4,990	8,450	1,185	1,720	1,127	1,306	1,130	1,067	1,124	1,131	-15001,335	-2499,796	-58,140	1,027	1,013	8,689	2,196	0,283	8,255	16,440	41,365	25,092	23,429	23,771	0,988	8,985	111,584	1002,977	-25,009	2,052	1,949	NaN	0,602	0,203	26,140
09:46:03,500	20,226	23,708	23,515	-24,948	23,279	-0,001	24,824	23,750	22,553	23,141	23,149	-24,917	23,025	23,872	23,056	23,111	15,222	17,020	1,000	-0,046	1,063	-5,015	-3,994	0,027	-4,994	8,445	1,172	1,713	1,122	1,313	1,138	1,073	1,104	1,138	-15001,610	-2499,452	-51,895	1,052	0,830	8,697	2,218	0,286	8,254	16,451	41,276	24,933	23,452	23,743	0,909	9,002	110,988	1000,202	-25,009	2,053	1,949	NaN	0,600	0,202	26,672
09:46:04,032	20,214	23,679	23,510	-24,950	23,302	-0,001	24,920	23,750	22,577	23,127	23,149	-25,007	23,084	23,917	23,107	23,143	15,267	17,058	1,015	-0,044	1,056	-5,017	-3,990	0,021	-4,992	8,452	1,170	1,699	1,137	1,326	1,126	1,091	1,115	1,122	-15002,786	-2498,673	-61,029	1,070	1,048	8,691	2,198	0,288	8,268	16,457	41,293	25,225	23,455	23,655	0,985	9,022	111,813	1003,106	-25,017	2,052	1,952	NaN	0,604	0,202	27,172
09:46:04,532	20,223	23,680	23,556	-24,971	23,349	-0,001	24,901	23,768	22,564	23,176	23,183	-24,895	23,125	23,879	23,129	23,135	15,216	17,043	1,002	-0,050	1,053	-5,017	-3,986	-0,056	-4,994	8,449	1,184	1,717	1,129	1,322	1,132	1,085	1,109	1,142	-15001,691	-2499,241	-58,245	1,037	0,941	8,720	2,210	0,292	8,270	16,348	41,290	24,999	23,337	23,742	0,984	8,968	111,943	999,415	-25,010	2,059	1,953	NaN	0,598	0,202	27,687
09:46:05,094	20,243	23,582	23,517	-24,976	23,280	-0,001	24,939	23,768	22,558	23,132	23,164	-24,975	23,053	23,881	23,082	23,161	15,235	17,072	1,017	-0,058	1,066	-5,013	-3,988	-0,143	-4,991	8,445	1,186	1,725	1,113	1,317	1,130	1,076	1,112	1,133	-15001,238	-2500,271	-57,394	1,010	0,927	8,689	2,199	0,288	8,267	16,439	41,373	25,017	23,383	23,732	1,080	8,979	111,692	1004,192	-25,009	2,052	1,952	NaN	0,604	0,204	28,187
09:46:05,594	20,252	23,660	23,530	-24,970	23,331	-0,001	24,810	23,744	22,568	23,132	23,124	-25,058	23,050	23,904	23,078	23,134	15,209	17,034	0,998	-0,024	1,059	-5,016	-3,991	-0,046	-4,991	8,447	1,174	1,733	1,119	1,321	1,126	1,094	1,099	1,154	-15001,554	-2499,813	-60,661	0,993	0,887	8,701	2,230	0,305	8,268	16,361	41,290	24,983	23,358	23,671	0,969	8,870	111,104	998,291	-25,012	2,054	1,952	NaN	0,602	0,200	28,750
09:46:06,078	20,222	23,651	23,497	-24,937	23,256	-0,001	24,865	23,771	22,560	23,195	23,131	-25,029	23,050	23,918	23,058	23,145	15,260	17,039	1,010	-0,051	1,065	-5,016	-3,994	-0,011	-4,991	8,449	1,189	1,726	1,107	1,321	1,134	1,077	1,134	1,132	-15000,541	-2498,686	-58,055	1,095	0,899	8,754	2,182	0,277	8,265	16,419	41,357	24,970	23,656	23,686	0,845	8,977	111,729	1004,273	-25,007	2,067	1,951	NaN	0,605	0,200	29,234
09:46:06,578	20,259	23,647	23,507	-24,922	23,270	-0,001	24,945	23,743	22,539	23,157	23,135	-24,924	23,109	23,905	23,070	23,159	15,253	17,030	1,000	-0,041	1,061	-5,018	-3,990	0,051	-4,990	8,461	1,183	1,712	1,126	1,312	1,116	1,081	1,116	1,138	-15000,938	-2499,464	-57,970	1,035	0,778	8,790	2,191	0,302	8,268	16,388	41,246	25,008	23,561	23,738	0,999	8,990	111,557	1001,358	-25,006	2,075	1,952	NaN	0,602	0,202	29,734
09:46:07,047	20,279	23,682	23,509	-24,920	23,260	-0,001	24,906	23,733	22,553	23,135	23,119	-24,903	23,025	23,928	23,041	23,163	15,239	17,101	1,005	-0,050	1,068	-5,017	-3,995	-0,071	-4,993	8,439	1,158	1,712	1,129	1,309	1,122	1,078	1,101	1,132	-14998,726	-2500,145	-59,323	0,963	0,957	8,763	2,221	0,284	8,267	16,434	41,297	24,997	23,311	23,652	1,054	8,971	111,669	1004,454	-25,004	2,069	1,952	NaN	0,603	0,202	30,234
09:46:07,532	20,280	23,636	23,564	-24,969	23,341	-0,001	24,839	23,782	22,607	23,169	23,180	-24,993	23,078	23,900	23,072	23,151	15,222	17,034	1,003	-0,048	1,069	-5,017	-3,995	-0,075	-4,992	8,447	1,178	1,726	1,117	1,329	1,115	1,080	1,108	1,143	-15000,192	-2499,533	-65,065	1,015	1,009	8,732	2,214	0,298	8,267	16,412	41,341	24,938	23,469	23,706	0,979	8,994	112,509	1000,110	-25,010	2,062	1,952	NaN	0,599	0,203	30,703
09:46:08,047	20,272	23,637	23,554	-25,004	23,303	-0,001	24,888	23,791	22,630	23,164	23,137	-24,913	23,036	23,872	23,081	23,165	15,279	17,020	0,994	-0,048	1,056	-5,017	-3,994	-0,021	-4,993	8,438	1,175	1,712	1,125	1,321	1,134	1,102	1,114	1,131	-14999,860	-2499,083	-64,806	1,046	1,086	8,678	2,208	0,301	8,267	16,432	41,270	25,044	23,400	23,654	0,953	9,011	111,770	1003,314	-25,012	2,049	1,952	NaN	0,605	0,202	31,203
09:46:08,736	20,227	23,605	23,526	-24,974	23,291	-0,001	24,879	23,747	22,557	23,140	23,124	-24,924	23,090	23,867	23,058	23,134	15,221	17,044	0,994	-0,051	1,061	-5,017	-3,992	-0,021	-4,993	8,459	1,182	1,725	1,116	1,334	1,112	1,081	1,114	1,126	-14999,601	-2499,655	-57,828	1,033	1,047	8,690	2,204	0,262	8,279	16,392	41,280	25,012	23,386	23,742	0,990	8,999	112,136	993,635	-25,011	2,052	1,955	NaN	0,601	0,203	31,828
09:46:09,236	20,253	23,685	23,580	-24,950	23,244	-0,001	24,885	23,747	22,561	23,180	23,113	-24,949	23,049	23,893	23,099	23,171	15,274	17,037	0,993	-0,057	1,059	-5,016	-3,994	-0,041	-4,992	8,453	1,172	1,709	1,127	1,311	1,123	1,093	1,096	1,128	-15002,389	-2499,456	-66,233	1,028	0,931	8,713	2,223	0,298	8,264	16,367	41,297	25,024	23,388	23,672	1,010	9,021	111,582	1003,804	-25,010	2,057	1,951	NaN	0,604	0,203	32,390
09:46:09,844	20,268	23,597	23,498	-24,963	23,290	-0,001	24,847	23,729	22,607	23,140	23,144	-24,916	23,049	23,912	23,096	23,156	15,247	17,043	0,999	-0,049	1,071	-5,015	-3,988	-0,009	-4,992	8,458	1,170	1,719	1,129	1,314	1,135	1,084	1,109	1,128	-15002,786	-2499,590	-55,595	1,032	0,999	8,714	2,214	0,286	8,251	16,437	41,320	24,968	23,381	23,643	0,994	8,931	111,672	997,790	-25,009	2,057	1,948	NaN	0,602	0,201	32,937
09:46:10,407	20,245	23,623	23,531	-24,967	23,317	-0,001	24,873	23,700	22,621	23,070	23,104	-24,928	23,099	23,880	23,054	23,195	15,271	17,065	1,010	-0,045	1,064	-5,019	-3,992	0,040	-4,992	8,453	1,189	1,695	1,124	1,319	1,116	1,079	1,133	1,128	-15000,986	-2499,679	-57,925	1,029	0,922	8,727	2,194	0,286	8,226	16,409	41,365	25,042	23,379	23,681	0,978	9,030	111,548	1003,268	-25,010	2,060	1,942	NaN	0,606	0,201	33,484
09:46:10,938	20,191	23,643	23,537	-25,011	23,313	-0,001	24,884	23,736	22,541	23,130	23,088	-24,916	23,039	23,931	23,089	23,171	15,227	17,008	1,004	-0,036	1,065	-5,015	-3,994	0,004	-4,993	8,441	1,171	1,717	1,118	1,317	1,126	1,076	1,135	1,133	-15000,743	-2498,762	-61,969	1,031	1,002	8,710	2,189	0,291	8,226	16,380	41,269	24,997	23,447	23,620	0,990	8,946	111,960	993,737	-25,006	2,057	1,942	NaN	0,601	0,201	34,062
09:46:11,438	20,212	23,683	23,494	-24,923	23,346	-0,001	24,759	23,707	22,576	23,069	23,037	-24,940	23,026	23,882	23,093	23,113	15,214	17,022	0,997	-0,037	1,060	-5,013	-3,991	0,025	-4,993	8,427	1,177	1,703	1,132	1,326	1,118	1,086	1,128	1,124	-15003,564	-2498,167	-59,214	0,973	1,321	8,725	2,199	0,289	8,215	16,401	41,291	25,091	23,392	23,654	1,024	9,001	111,848	1004,685	-25,007	2,060	1,940	NaN	0,604	0,201	34,593
09:46:11,986	20,197	23,693	23,524	-24,968	23,252	-0,001	24,873	23,683	22,567	23,103	23,035	-24,922	23,085	23,903	23,074	23,197	15,214	17,044	1,001	-0,044	1,063	-5,016	-3,988	-0,016	-4,992	8,452	1,191	1,708	1,118	1,319	1,138	1,084	1,126	1,133	-14999,114	-2499,411	-58,108	1,035	0,987	8,738	2,191	0,273	8,200	16,448	41,299	25,158	23,441	23,639	1,009	9,014	112,323	999,493	-25,002	2,063	1,936	NaN	0,600	0,201	35,093
09:46:12,469	20,204	23,706	23,529	-24,948	23,081	-0,001	24,833	23,746	22,573	23,084	22,987	-24,934	23,020	23,894	23,036	23,184	15,279	17,023	0,995	-0,043	1,059	-5,017	-3,993	-0,011	-4,993	8,447	1,172	1,715	1,116	1,309	1,130	1,085	1,126	1,132	-14998,863	-2500,255	-57,471	1,043	0,881	8,719	2,193	0,263	8,190	16,441	41,293	25,110	23,426	23,604	0,896	8,995	111,407	1005,176	-25,010	2,059	1,934	NaN	0,604	0,202	35,640
09:46:12,986	20,238	23,741	23,545	-24,966	23,278	-0,001	24,841	23,733	22,601	23,098	23,055	-24,877	23,026	23,913	23,072	23,193	15,256	17,059	1,009	-0,042	1,058	-5,018	-3,991	-0,005	-4,993	8,442	1,174	1,704	1,123	1,317	1,124	1,081	1,114	1,133	-15002,851	-2500,344	-62,845	1,027	1,004	8,727	2,210	0,261	8,181	16,441	41,222	25,147	23,457	23,591	0,962	9,004	112,167	1000,352	-25,008	2,061	1,932	NaN	0,602	0,201	36,125
09:46:13,469	20,211	23,752	23,533	-24,953	23,287	-0,001	24,815	23,689	22,575	23,107	23,026	-24,901	23,080	23,890	23,133	23,187	15,253	17,002	1,007	-0,040	1,058	-5,017	-3,988	-0,023	-4,992	8,440	1,184	1,715	1,107	1,337	1,122	1,083	1,132	1,132	-15000,233	-2499,176	-53,650	1,036	1,028	8,723	2,195	0,276	8,181	16,461	41,280	25,099	23,502	23,633	0,986	8,979	112,288	1002,842	-25,008	2,059	1,932	NaN	0,605	0,202	36,640
09:46:14,016	20,243	23,651	23,530	-24,933	23,584	-0,001	24,756	23,687	22,607	23,164	23,032	-24,935	23,064	23,873	23,059	23,195	15,254	17,082	1,021	-0,040	1,057	-5,017	-3,991	-0,034	-4,992	8,447	1,176	1,715	1,122	1,315	1,099	1,080	1,120	1,133	-15000,930	-2499,180	-59,793	1,021	0,959	8,698	2,199	0,300	8,175	16,403	41,321	25,010	23,385	23,468	0,977	8,998	112,562	995,106	-25,010	2,054	1,930	NaN	0,602	0,202	37,140
09:46:14,500	20,202	23,684	23,499	-24,962	23,285	-0,001	24,836	23,691	22,581	23,138	23,045	-24,930	23,017	23,928	23,090	23,104	15,258	17,023	1,013	-0,045	1,063	-5,016	-3,991	0,025	-4,989	8,446	1,181	1,729	1,108	1,323	1,128	1,078	1,114	1,135	-15000,411	-2500,068	-63,635	1,032	0,938	8,698	2,208	0,280	8,165	16,358	41,258	25,171	23,500	23,455	0,969	8,995	112,435	1000,161	-25,007	2,054	1,928	NaN	0,602	0,203	37,672
09:46:15,032	20,229	23,690	23,507	-24,989	23,342	-0,001	24,822	23,704	22,556	23,131	23,078	-25,054	23,070	23,913	23,138	23,156	15,304	17,050	1,005	-0,046	1,060	-5,017	-3,991	-0,017	-4,992	8,452	1,180	1,710	1,130	1,327	1,123	1,066	1,117	1,136	-15002,268	-2499,330	-64,158	1,044	0,944	8,646	2,200	0,291	8,158	16,460	41,318	25,020	23,354	23,577	0,983	8,915	112,152	995,613	-25,007	2,041	1,926	NaN	0,599	0,202	38,156
09:46:15,500	20,206	23,710	23,511	-24,909	23,264	-0,001	24,899	23,643	22,604	23,114	23,040	-24,958	23,096	23,906	23,139	23,253	15,248	17,023	1,006	-0,044	1,054	-5,016	-3,992	-0,054	-4,991	8,458	1,189	1,718	1,123	1,310	1,127	1,071	1,119	1,139	-14997,559	-2500,267	-65,629	1,029	0,752	8,645	2,195	0,245	8,156	16,481	41,259	25,034	23,396	23,610	0,991	8,992	111,286	1001,083	-25,021	2,041	1,926	NaN	0,604	0,200	38,687
09:46:16,032	20,231	23,685	23,509	-24,926	23,410	-0,001	24,782	23,617	22,564	23,153	23,038	-24,907	23,028	23,861	23,156	23,196	15,265	17,019	1,016	-0,072	1,058	-5,017	-3,990	0,024	-4,991	8,455	1,173	1,699	1,124	1,315	1,130	1,084	1,124	1,153	-15001,011	-2498,677	-60,543	1,042	0,926	8,696	2,171	0,308	8,153	16,450	41,279	25,083	23,462	23,710	0,964	9,001	112,078	994,052	-25,008	2,053	1,925	NaN	0,601	0,201	39,172
09:46:16,532	20,264	23,718	23,495	-24,939	23,323	-0,001	24,816	23,652	22,549	23,175	23,041	-24,993	22,957	23,851	23,112	23,156	15,196	17,038	1,016	-0,058	1,054	-5,016	-3,992	-0,011	-4,992	8,437	1,189	1,690	1,121	1,317	1,131	1,075	1,116	1,107	-15001,708	-2500,615	-60,989	1,038	0,977	8,710	2,198	0,283	8,161	16,404	41,301	25,146	23,477	23,529	1,016	8,949	111,474	1003,271	-25,014	2,057	1,927	NaN	0,604	0,201	39,687
09:46:17,047	20,214	23,710	23,484	-24,955	23,293	-0,001	24,816	23,661	22,574	23,150	23,048	-24,929	23,010	23,889	23,117	23,150	15,218	16,956	0,997	-0,046	1,071	-5,017	-3,994	-0,026	-4,995	8,434	1,179	1,705	1,113	1,315	1,128	1,085	1,122	1,140	-15001,295	-2500,149	-56,847	1,033	0,944	8,699	2,189	0,311	8,156	16,413	41,309	25,071	23,354	23,741	0,979	8,902	111,901	995,146	-25,007	2,054	1,926	NaN	0,596	0,202	40,187
09:46:17,516	20,226	23,693	23,462	-24,949	23,536	-0,001	24,902	23,709	22,541	23,167	23,094	-24,958	23,039	23,863	23,111	23,147	15,205	17,060	0,997	-0,062	1,068	-5,017	-3,995	-0,043	-4,992	8,454	1,171	1,719	1,116	1,313	1,113	1,079	1,125	1,135	-14999,981	-2499,942	-63,368	1,031	0,946	8,657	2,186	0,302	8,167	16,448	41,263	25,048	23,411	23,672	1,003	8,956	111,169	1005,214	-25,008	2,044	1,928	NaN	0,598	0,202	40,703
09:46:18,032	20,222	23,701	23,521	-24,971	23,362	-0,001	24,950	23,687	22,540	23,133	23,082	-24,916	23,051	23,841	23,147	23,118	15,232	17,020	0,999	-0,062	1,066	-5,018	-3,991	-0,017	-4,993	8,451	1,176	1,713	1,136	1,317	1,128	1,068	1,114	1,135	-15000,104	-2499,427	-53,776	1,044	0,972	8,616	2,185	0,325	8,156	16,424	41,291	25,103	23,602	23,611	0,988	9,012	111,443	995,866	-25,009	2,034	1,926	NaN	0,596	0,203	41,172
09:46:18,422	20,228	23,705	23,528	-24,929	23,300	-0,001	24,839	23,731	22,527	23,164	23,121	-24,912	23,038	23,805	23,131	23,148	15,252	17,113	1,000	-0,033	1,059	-5,017	-3,991	-0,043	-4,993	8,448	1,179	1,711	1,126	1,317	1,132	1,088	1,116	1,115	-15001,902	-2499,703	-58,294	1,041	0,899	8,635	2,196	0,297	8,158	16,415	41,279	25,099	23,354	23,556	0,953	9,012	112,344	1004,033	-25,010	2,039	1,926	NaN	0,597	0,203	41,687
09:46:18,938	20,226	23,699	23,527	-24,957	23,360	-0,001	24,830	23,684	22,554	23,145	23,058	-24,927	23,054	23,825	23,095	23,137	15,264	17,039	1,016	-0,052	1,076	-5,017	-3,988	0,028	-4,992	8,456	1,185	1,720	1,123	1,321	1,118	1,080	1,128	1,135	-15001,895	-2499,367	-53,508	1,011	0,874	8,613	2,188	0,320	8,138	16,490	41,322	25,123	23,408	23,558	1,015	8,966	111,712	999,404	-25,013	2,034	1,921	NaN	0,594	0,203	42,078
09:46:19,391	20,214	23,732	23,548	-24,934	23,287	-0,001	24,688	23,699	22,503	23,160	23,104	-24,901	23,063	23,896	23,109	23,075	15,324	17,046	1,007	-0,060	1,066	-5,016	-3,989	-0,033	-4,992	8,445	1,165	1,706	1,120	1,319	1,123	1,084	1,116	1,138	-15000,233	-2499,545	-54,610	1,061	0,955	8,608	2,194	0,302	8,156	16,407	41,337	25,076	23,323	23,635	1,000	8,990	111,584	1003,971	-25,010	2,032	1,926	NaN	0,599	0,203	42,593
09:46:19,922	20,246	23,704	23,539	-24,974	23,199	-0,001	24,819	23,739	22,548	23,138	23,016	-24,925	23,046	23,860	23,128	23,042	15,250	17,034	1,004	-0,050	1,063	-5,016	-3,991	0,001	-4,992	8,456	1,177	1,711	1,127	1,325	1,128	1,087	1,113	1,147	-15003,013	-2499,213	-62,622	1,033	0,906	8,632	2,196	0,313	8,170	16,353	41,317	25,094	23,298	23,712	1,002	8,969	111,841	997,434	-25,013	2,038	1,929	NaN	0,599	0,202	43,047
09:46:20,422	20,295	23,725	23,607	-24,930	23,295	-0,001	24,884	23,706	22,539	23,162	23,081	-24,920	23,079	23,813	23,190	23,109	15,227	17,064	0,999	-0,057	1,064	-5,016	-3,992	-0,085	-4,993	8,441	1,161	1,714	1,120	1,333	1,109	1,095	1,110	1,141	-15005,469	-2498,710	-57,694	1,062	0,960	8,692	2,198	0,272	8,156	16,405	41,336	25,066	23,438	23,464	0,941	8,952	112,007	1002,945	-25,008	2,052	1,926	NaN	0,606	0,201	43,578
09:46:20,969	20,202	23,648	23,495	-24,948	23,637	-0,001	24,845	23,781	22,555	23,131	23,074	-24,927	23,072	23,834	23,179	23,130	15,228	17,051	0,998	-0,053	1,065	-5,015	-3,989	0,005	-4,991	8,442	1,169	1,712	1,128	1,304	1,130	1,081	1,117	1,135	-15000,687	-2499,655	-55,753	1,058	0,844	8,721	2,200	0,303	8,167	16,365	41,253	25,005	23,407	23,648	0,974	8,985	112,028	995,473	-25,011	2,059	1,928	NaN	0,605	0,200	44,078
09:46:21,469	20,210	23,691	23,524	-24,960	23,302	-0,001	24,833	23,744	22,540	23,127	23,115	-24,933	23,093	23,807	23,194	23,126	15,255	17,078	1,007	-0,053	1,062	-5,018	-3,984	0,110	-4,988	8,452	1,177	1,706	1,134	1,321	1,116	1,061	1,119	1,132	-15002,721	-2499,825	-58,833	1,039	0,875	8,732	2,186	0,271	8,163	16,389	41,242	25,083	23,403	23,698	1,032	8,960	112,091	996,305	-25,010	2,062	1,927	NaN	0,601	0,201	44,625
09:46:21,986	20,239	23,735	23,540	-24,951	23,207	-0,001	24,951	23,754	22,554	23,150	23,087	-24,867	23,097	23,832	23,153	23,152	15,215	17,041	1,000	-0,059	1,060	-5,015	-3,990	0,006	-4,994	8,447	1,179	1,709	1,137	1,314	1,121	1,085	1,119	1,131	-15002,592	-2498,094	-57,504	1,043	0,933	8,709	2,188	0,292	8,163	16,365	41,214	25,059	23,459	23,648	0,990	8,993	110,767	1000,832	-25,007	2,056	1,927	NaN	0,599	0,205	45,125
09:46:22,486	20,269	23,722	23,425	-24,951	23,355	-0,001	24,876	23,755	22,563	23,119	23,063	-24,919	23,092	23,811	23,142	23,180	15,237	17,117	1,010	-0,047	1,068	-5,018	-3,994	0,004	-4,991	8,453	1,180	1,732	1,109	1,331	1,127	1,084	1,082	1,146	-15001,481	-2499,440	-58,517	1,002	0,881	8,680	2,235	0,271	8,168	16,484	41,336	25,082	23,417	23,609	0,991	9,065	112,105	1002,753	-25,009	2,049	1,929	NaN	0,602	0,201	45,640
09:46:23,000	20,236	23,658	23,471	-24,962	23,298	-0,001	24,992	23,712	22,594	23,121	23,028	-25,044	23,079	23,862	23,128	23,194	15,211	17,017	1,000	-0,041	1,066	-5,016	-3,993	-0,013	-4,992	8,450	1,171	1,734	1,137	1,318	1,122	1,076	1,111	1,138	-15000,605	-2499,711	-62,354	1,036	0,822	8,716	2,196	0,286	8,178	16,418	41,277	24,997	23,418	23,608	1,103	8,983	111,327	999,663	-25,010	2,058	1,931	NaN	0,604	0,200	46,140
09:46:23,486	20,203	23,729	23,430	-24,961	23,389	-0,001	24,855	23,781	22,595	23,139	23,086	-24,917	23,085	23,826	23,139	23,161	15,237	17,051	0,999	-0,047	1,057	-5,018	-3,991	-0,040	-4,993	8,447	1,179	1,722	1,111	1,319	1,124	1,069	1,116	1,126	-15003,612	-2499,622	-58,432	1,056	0,905	8,763	2,195	0,277	8,171	16,397	41,293	25,119	23,350	23,595	0,975	9,080	112,329	1001,980	-25,015	2,069	1,929	NaN	0,605	0,199	46,656
09:46:23,986	20,253	23,755	23,449	-24,985	23,382	-0,001	24,858	23,752	22,541	23,188	23,062	-24,927	23,059	23,873	23,145	23,178	15,213	16,980	1,005	-0,047	1,055	-5,017	-3,993	-0,010	-4,994	8,454	1,177	1,714	1,126	1,315	1,116	1,081	1,124	1,146	-15000,266	-2499,509	-56,977	1,033	0,975	8,753	2,169	0,267	8,196	16,396	41,245	25,054	23,340	23,600	1,004	8,989	111,686	997,561	-25,005	2,067	1,935	NaN	0,603	0,201	47,140
09:46:24,500	20,212	23,688	23,519	-24,939	23,373	-0,001	24,907	23,737	22,590	23,140	23,073	-24,970	23,077	23,803	23,158	23,189	15,228	17,088	0,995	-0,040	1,063	-5,017	-3,992	-0,006	-4,991	8,447	1,192	1,706	1,121	1,316	1,127	1,075	1,116	1,134	-15001,173	-2499,886	-53,581	1,049	0,889	8,704	2,193	0,283	8,176	16,406	41,362	25,069	23,488	23,720	1,022	9,000	111,721	998,453	-25,010	2,055	1,930	NaN	0,600	0,201	47,640
09:46:25,016	20,220	23,698	23,439	-24,948	23,331	-0,001	24,830	23,763	22,526	23,141	23,031	-24,969	23,063	23,834	23,200	23,193	15,218	17,039	1,004	-0,042	1,071	-5,016	-3,993	-0,012	-4,989	8,453	1,182	1,706	1,113	1,321	1,129	1,062	1,122	1,137	-14998,790	-2499,942	-59,060	1,031	0,878	8,690	2,192	0,285	8,181	16,343	41,249	25,111	23,422	23,746	0,986	9,008	111,337	1000,409	-25,009	2,052	1,932	NaN	0,597	0,202	48,140
09:46:25,486	20,204	23,693	23,505	-24,948	23,300	-0,001	24,840	23,738	22,576	23,127	23,075	-24,961	23,013	23,860	23,184	23,195	15,231	17,039	1,005	-0,040	1,062	-5,017	-3,988	-0,015	-4,993	8,439	1,172	1,707	1,124	1,302	1,130	1,081	1,115	1,131	-15002,835	-2499,387	-57,848	1,033	0,922	8,664	2,191	0,282	8,193	16,466	41,251	25,081	23,473	23,597	1,022	8,995	110,993	1004,270	-25,008	2,046	1,934	NaN	0,594	0,202	48,656
09:46:26,000	20,237	23,725	23,464	-24,953	23,383	-0,001	24,863	23,778	22,584	23,187	23,043	-24,912	23,049	23,849	23,113	23,174	15,203	17,068	1,011	-0,037	1,060	-5,016	-3,994	-0,014	-4,994	8,458	1,173	1,710	1,139	1,317	1,127	1,091	1,123	1,138	-15000,711	-2500,255	-54,801	1,008	0,935	8,620	2,183	0,283	8,206	16,398	41,254	25,182	23,164	23,579	1,017	8,995	111,431	1004,370	-25,011	2,035	1,938	NaN	0,596	0,202	49,140
09:46:26,469	20,239	23,711	23,479	-24,944	23,380	-0,001	24,908	23,758	22,584	23,206	23,037	-24,959	23,056	23,807	23,171	23,144	15,227	17,097	1,000	-0,063	1,053	-5,016	-3,989	0,070	-4,993	8,442	1,165	1,705	1,129	1,317	1,132	1,076	1,134	1,126	-15003,386	-2499,314	-58,440	1,048	0,876	8,602	2,177	0,302	8,197	16,372	41,280	25,096	23,491	23,645	0,974	9,027	112,687	1001,172	-25,014	2,031	1,935	NaN	0,592	0,203	49,656
09:46:27,000	20,202	23,648	23,511	-24,983	23,382	-0,001	24,862	23,778	22,570	23,125	23,106	-24,999	23,042	23,897	23,109	23,180	15,171	16,996	1,002	-0,038	1,059	-5,014	-3,992	-0,001	-4,991	8,451	1,173	1,711	1,119	1,322	1,118	1,086	1,124	1,136	-14999,520	-2499,646	-49,569	1,025	0,955	8,573	2,185	0,279	8,195	16,371	41,296	25,043	23,462	23,646	0,996	8,984	112,027	1004,723	-25,013	2,024	1,935	NaN	0,597	0,202	50,125
09:46:27,516	20,222	23,689	23,515	-24,942	23,361	-0,001	24,863	23,737	22,567	23,144	23,080	-24,927	23,120	23,812	23,131	23,150	15,172	17,071	0,991	-0,049	1,067	-5,017	-3,991	0,026	-4,995	8,452	1,172	1,722	1,120	1,318	1,111	1,084	1,126	1,137	-15001,011	-2499,728	-57,824	1,017	0,868	8,617	2,176	0,309	8,207	16,454	41,295	25,097	23,351	23,581	0,991	8,980	112,243	998,159	-25,007	2,035	1,938	NaN	0,591	0,204	50,656
09:46:28,047	20,248	23,698	23,463	-24,946	23,417	-0,001	24,832	23,777	22,588	23,177	23,076	-24,925	23,038	23,847	23,145	23,174	15,164	17,049	1,004	-0,036	1,055	-5,016	-3,992	-0,012	-4,993	8,452	1,176	1,714	1,132	1,310	1,125	1,066	1,112	1,138	-15000,339	-2499,683	-61,738	1,032	0,795	8,573	2,194	0,275	8,209	16,416	41,259	25,067	23,183	23,587	0,993	9,088	111,960	1006,596	-25,006	2,024	1,938	NaN	0,600	0,202	51,172
09:46:28,547	20,220	23,717	23,524	-24,969	23,276	-0,001	24,874	23,729	22,570	23,124	23,086	-24,931	23,105	23,873	23,138	23,174	15,199	17,017	1,002	-0,047	1,070	-5,014	-3,992	-0,016	-4,994	8,462	1,182	1,709	1,125	1,306	1,130	1,081	1,126	1,135	-15002,940	-2499,059	-64,344	1,032	1,064	8,620	2,176	0,283	8,219	16,372	41,260	25,078	23,376	23,630	0,993	8,996	112,127	994,370	-25,011	2,035	1,941	NaN	0,594	0,203	51,703
09:46:29,047	20,206	23,731	23,463	-24,971	23,390	-0,001	24,808	23,743	22,577	23,171	23,087	-24,894	23,090	23,812	23,152	23,123	15,251	17,054	1,000	-0,048	1,063	-5,015	-3,990	-0,043	-4,992	8,462	1,185	1,715	1,132	1,333	1,118	1,079	1,101	1,162	-15000,411	-2498,179	-58,185	1,015	0,931	8,633	2,203	0,241	8,212	16,418	41,290	25,094	23,383	23,660	0,969	8,996	111,371	1005,478	-25,011	2,038	1,939	NaN	0,603	0,200	52,203
09:46:29,453	20,234	23,708	23,524	-24,979	23,321	-0,001	24,892	23,731	22,580	23,130	23,057	-25,020	23,087	23,818	23,118	23,161	15,216	17,044	1,012	-0,054	1,059	-5,014	-3,991	-0,001	-4,992	8,449	1,178	1,722	1,121	1,326	1,140	1,094	1,121	1,137	-15002,648	-2500,133	-58,144	1,036	0,887	8,682	2,169	0,289	8,219	16,409	41,341	25,093	23,255	23,656	0,941	9,019	112,198	995,055	-25,008	2,050	1,941	NaN	0,600	0,200	52,703
09:46:29,986	20,217	23,708	23,531	-24,949	23,296	-0,001	24,904	23,760	22,567	23,140	23,107	-24,792	23,129	23,853	23,151	23,176	15,223	17,024	1,001	-0,025	1,062	-5,016	-3,986	0,022	-4,994	8,453	1,188	1,708	1,118	1,320	1,117	1,073	1,125	1,151	-14999,187	-2499,874	-57,893	0,996	0,861	8,681	2,172	0,276	8,217	16,520	41,294	25,073	23,249	23,635	0,973	8,975	112,558	999,264	-25,009	2,050	1,940	NaN	0,604	0,200	53,125
09:46:30,469	20,232	23,698	23,494	-24,967	23,370	-0,001	24,916	23,778	22,603	23,124	23,091	-24,862	23,083	23,862	23,131	23,122	15,250	17,041	1,002	-0,040	1,063	-5,018	-3,990	0,019	-4,993	8,452	1,182	1,726	1,125	1,331	1,124	1,085	1,113	1,135	-15001,384	-2499,573	-59,680	1,044	0,974	8,719	2,187	0,275	8,220	16,378	41,238	25,032	23,304	23,575	0,986	8,978	111,267	996,343	-25,012	2,059	1,941	NaN	0,601	0,201	53,640
09:46:31,000	20,197	23,675	23,451	-24,925	23,303	-0,001	24,870	23,807	22,583	23,093	23,106	-24,930	23,128	23,872	23,194	23,178	15,231	17,034	1,003	-0,055	1,054	-5,019	-3,993	0,038	-4,994	8,452	1,172	1,716	1,118	1,310	1,123	1,082	1,104	1,134	-15002,381	-2498,385	-65,386	1,051	1,059	8,745	2,198	0,269	8,225	16,385	41,274	25,058	23,357	23,888	0,922	9,084	111,722	1004,381	-25,014	2,065	1,942	NaN	0,601	0,202	54,125
09:46:31,486	20,172	23,686	23,486	-24,972	23,348	-0,001	24,902	23,738	22,570	23,155	23,069	-24,942	23,073	23,788	23,163	23,131	15,228	17,003	1,000	-0,036	1,062	-5,017	-3,992	0,016	-4,994	8,456	1,175	1,716	1,114	1,319	1,122	1,085	1,112	1,144	-15001,935	-2499,841	-65,313	1,026	0,929	8,689	2,195	0,242	8,236	16,467	41,304	25,075	23,342	23,687	0,970	9,007	112,012	999,935	-25,008	2,052	1,945	NaN	0,597	0,201	54,656
09:46:32,000	20,228	23,676	23,486	-24,929	23,351	-0,001	24,834	23,768	22,568	23,071	23,104	-24,924	23,069	23,810	23,184	23,089	15,232	17,049	1,001	-0,038	1,058	-5,018	-3,997	-0,102	-4,994	8,462	1,186	1,701	1,123	1,320	1,128	1,076	1,115	1,142	-15002,170	-2499,468	-57,666	1,028	0,847	8,668	2,184	0,233	8,222	16,379	41,309	25,129	23,348	23,770	0,995	8,979	111,668	1004,610	-25,006	2,047	1,941	NaN	0,597	0,199	55,140
09:46:32,486	20,245	23,699	23,479	-24,968	23,390	-0,001	24,755	23,749	22,586	23,124	23,106	-24,893	23,085	23,839	23,091	23,115	15,182	17,029	0,991	-0,049	1,064	-5,017	-3,993	-0,011	-4,992	8,461	1,182	1,719	1,119	1,320	1,123	1,071	1,141	1,136	-15002,130	-2500,299	-50,971	0,996	0,903	8,653	2,156	0,248	8,222	16,467	41,300	25,063	23,355	23,668	0,964	8,999	111,800	1002,050	-25,014	2,043	1,941	NaN	0,598	0,201	55,656
09:46:33,000	20,244	23,670	23,501	-25,014	23,317	-0,001	24,868	23,773	22,593	23,159	23,057	-24,946	23,072	23,843	23,152	23,123	15,177	17,008	1,010	-0,043	1,053	-5,017	-3,991	-0,045	-4,994	8,449	1,174	1,710	1,120	1,319	1,128	1,079	1,122	1,125	-15001,725	-2499,788	-52,377	1,005	0,977	8,675	2,186	0,282	8,236	16,468	41,341	25,180	23,404	23,597	0,988	9,041	112,100	1004,553	-25,011	2,048	1,944	NaN	0,600	0,202	56,156
09:46:33,516	20,262	23,700	23,502	-24,950	23,397	-0,001	24,850	23,770	22,582	23,153	23,073	-24,924	23,060	23,788	23,132	23,168	15,189	17,010	1,005	-0,048	1,065	-5,017	-3,991	-0,013	-4,991	8,445	1,167	1,719	1,121	1,320	1,118	1,081	1,117	1,154	-15002,138	-2499,517	-65,580	1,034	1,045	8,674	2,195	0,258	8,221	16,433	41,281	25,134	23,341	23,647	0,954	9,035	112,098	1000,010	-25,016	2,048	1,941	NaN	0,596	0,203	56,656
09:46:34,047	20,223	23,773	23,498	-25,024	23,321	-0,001	24,876	23,741	22,578	23,117	23,092	-24,925	23,048	23,820	23,171	23,146	15,185	17,042	1,006	-0,039	1,063	-5,016	-3,993	-0,054	-4,994	8,449	1,181	1,713	1,129	1,327	1,111	1,077	1,111	1,146	-15001,222	-2499,853	-65,617	1,021	0,942	8,653	2,197	0,259	8,225	16,468	41,315	25,053	23,471	23,738	0,943	9,006	111,511	1004,311	-25,009	2,043	1,942	NaN	0,600	0,201	57,172
09:46:34,547	20,263	23,663	23,478	-24,903	23,300	-0,001	24,937	23,731	22,568	23,190	23,084	-24,889	23,035	23,841	23,178	23,134	15,259	17,043	1,002	-0,026	1,064	-5,017	-3,991	-0,009	-4,998	8,455	1,186	1,704	1,129	1,317	1,122	1,070	1,117	1,137	-15002,600	-2499,411	-57,982	0,993	0,984	8,693	2,192	0,271	8,223	16,431	41,240	25,059	23,432	23,688	1,033	9,027	111,642	1001,228	-25,009	2,053	1,942	NaN	0,600	0,201	57,718
09:46:35,063	20,259	23,704	23,509	-24,951	23,318	-0,001	24,848	23,756	22,606	23,099	23,063	-24,934	23,046	23,831	23,182	23,080	15,179	17,052	1,017	-0,051	1,061	-5,016	-3,990	-0,094	-4,994	8,453	1,179	1,721	1,129	1,305	1,127	1,085	1,119	1,132	-15003,337	-2499,030	-69,576	1,028	0,898	8,729	2,198	0,267	8,221	16,432	41,265	25,196	23,345	23,648	0,993	8,995	111,572	1005,200	-25,007	2,061	1,941	NaN	0,603	0,202	58,203
09:46:35,547	20,252	23,696	23,520	-24,944	23,333	-0,001	24,832	23,732	22,584	23,136	23,086	-24,920	23,029	23,841	23,152	23,091	15,168	16,971	1,007	-0,058	1,063	-5,015	-3,992	0,013	-4,992	8,455	1,176	1,699	1,128	1,311	1,127	1,086	1,113	1,136	-15000,396	-2499,286	-59,234	1,033	0,889	8,723	2,202	0,273	8,231	16,412	41,285	25,109	23,510	23,582	1,028	8,975	111,733	1000,086	-25,012	2,060	1,943	NaN	0,600	0,202	58,718
09:46:36,032	20,291	23,715	23,619	-24,915	23,353	-0,001	24,823	23,809	22,590	23,091	23,097	-24,958	23,038	23,843	23,161	23,103	15,177	17,019	1,004	-0,058	1,070	-5,016	-3,992	-0,008	-4,992	8,449	1,174	1,721	1,121	1,315	1,133	1,082	1,114	1,128	-15002,997	-2499,877	-59,899	0,998	0,969	8,728	2,210	0,279	8,220	16,504	41,386	25,201	23,352	23,635	0,995	9,046	111,653	1004,796	-25,010	2,061	1,941	NaN	0,607	0,201	59,203
09:46:36,532	20,224	23,726	23,490	-24,971	23,313	-0,001	24,875	23,771	22,608	23,142	23,099	-24,854	23,097	23,836	23,187	23,164	15,250	17,027	1,015	-0,083	1,064	-5,018	-3,991	0,041	-4,991	8,457	1,182	1,713	1,131	1,314	1,115	1,076	1,121	1,138	-15001,578	-2501,053	-63,376	1,046	1,062	8,735	2,200	0,282	8,230	16,448	41,303	25,061	23,378	23,657	1,130	8,997	112,477	995,324	-25,012	2,062	1,943	NaN	0,601	0,201	59,703
09:46:37,000	20,250	23,679	23,483	-24,945	23,368	-0,001	24,835	23,720	22,635	23,097	23,080	-24,957	23,018	23,835	23,175	23,126	15,192	17,022	0,995	-0,055	1,055	-5,018	-3,994	0,049	-4,990	8,448	1,188	1,709	1,118	1,316	1,130	1,083	1,113	1,137	-15004,002	-2499,484	-60,267	1,054	0,900	8,738	2,202	0,277	8,236	16,456	41,213	25,242	23,389	23,588	1,041	9,008	111,927	1004,995	-25,011	2,063	1,945	NaN	0,605	0,202	60,187
