26.01.2022	Weißöl/LuftZeit	TIT-01b	TIT-02a	TIT-02b	TIT-03a	TIT-03b	TIT-04a	TIT-04b	TIT-05	TIT-06	TIT-07	TIT-08	TIT-11	TIT-13	TIT-14	TIT-15	TIT-16	TITC-1	TITC-2	PIT-01	PIT-02	PIT-03a	leer	PIT-04a E+H abs	PIT-04b	PIT-04c	PIT-05	PIT-06	PIT-07	PIT-08	PIT-09	PIT-10	PIT-11	PIT-13	PIT-14	PDI-04 [Pa] 	leer	PDI-01 [Pa]	PIT-03b [Pa]	FIT-001[m³/h]	FIT-002 [m³/h]	FIT-003 [m³/h]	FIT-004 [m³/h]	FIT-005 [m³/h]	LIT-001	LIT-002	LIT-004	TMMP-1	TMMP-2	PMMP-1	PMMP-2	M(MPP)	n(MPP)	LIT(MPP)	M_dot (FIT002) [kg/s]	M_dot (FIT005) [kg/s]	eta_th	eta_vol	alpha	Vestrichene Zeit11:10:36,969	20,400	23,928	23,876	-24,951	23,495	0,502	25,166	23,963	22,914	23,190	23,044	-24,933	23,034	23,897	23,074	23,106	15,179	16,176	1,015	-0,061	1,604	-5,016	-3,991	-0,039	-4,992	8,694	1,740	1,472	1,080	1,262	1,088	1,035	1,074	1,116	-14998,377	-2499,440	-57,516	1,021	0,908	1,651	6,662	0,729	1,863	11,275	42,473	26,922	23,584	26,795	0,959	9,011	106,653	1006,111	-25,012	0,390	0,440	NaN	0,377	0,807	0,000
11:10:37,422	20,361	23,946	23,858	-24,981	23,482	0,502	25,089	23,936	22,870	23,111	23,069	-24,937	23,040	23,851	23,099	23,143	15,137	16,147	1,009	-0,042	1,613	-5,016	-3,993	-0,049	-4,993	8,712	1,745	1,447	1,095	1,273	1,099	1,039	1,076	1,087	-15000,306	-2499,509	-78,430	1,012	0,950	1,593	6,647	0,752	1,856	11,318	42,515	26,899	23,723	26,841	0,946	8,977	107,303	1000,234	-25,013	0,376	0,438	NaN	0,380	0,801	0,531
11:10:37,953	20,377	23,987	23,840	-24,989	23,393	0,501	25,137	23,935	22,887	23,190	23,079	-24,993	23,051	23,884	23,094	23,098	15,166	16,153	1,011	-0,046	1,604	-5,016	-3,992	0,023	-4,994	8,709	1,728	1,443	1,090	1,277	1,081	1,043	1,073	1,108	-15002,324	-2499,626	-80,197	1,064	0,917	1,655	6,654	0,747	1,878	11,311	42,490	26,888	23,697	26,754	0,973	8,991	106,618	1004,820	-25,009	0,391	0,443	NaN	0,383	0,801	1,000
11:10:38,500	20,374	23,959	23,827	-24,926	23,462	0,501	25,061	23,980	22,904	23,209	23,093	-24,921	23,010	23,912	23,136	23,144	15,133	16,141	1,012	-0,066	1,609	-5,018	-3,994	0,019	-4,995	8,703	1,744	1,453	1,077	1,274	1,108	1,046	1,083	1,105	-14997,056	-2500,210	-84,448	0,964	0,967	1,649	6,624	0,736	1,866	11,262	42,491	26,869	23,756	26,735	0,946	8,986	107,297	995,777	-25,009	0,389	0,441	NaN	0,378	0,805	1,531
11:10:39,032	20,360	23,961	23,826	-24,934	23,536	0,501	25,117	23,942	22,853	23,170	23,066	-24,931	23,038	23,864	23,033	23,109	15,131	16,168	1,011	-0,040	1,602	-5,017	-3,997	-0,074	-4,994	8,701	1,734	1,435	1,096	1,258	1,085	1,045	1,077	1,077	-14999,212	-2499,229	-73,235	1,011	1,100	1,609	6,641	0,735	1,879	11,247	42,449	26,838	23,555	26,643	0,917	8,997	107,149	1002,476	-25,011	0,380	0,444	NaN	0,380	0,802	2,062
11:10:39,594	20,417	23,964	23,794	-24,954	23,509	0,502	25,090	23,941	22,872	23,142	23,072	-24,961	22,998	23,890	23,082	23,119	15,133	16,151	1,003	-0,052	1,598	-5,017	-3,990	0,001	-4,992	8,700	1,747	1,453	1,096	1,251	1,081	1,039	1,098	1,107	-15001,449	-2498,880	-69,977	1,025	0,918	1,622	6,568	0,724	1,877	11,258	42,454	26,862	23,614	26,792	0,977	8,950	106,928	1000,503	-25,007	0,383	0,443	NaN	0,378	0,804	2,609
11:10:40,111	20,434	23,965	23,816	-24,974	23,546	0,502	25,114	23,943	22,804	23,182	23,076	-24,876	22,983	23,899	23,091	23,092	15,132	16,136	1,023	-0,040	1,604	-5,017	-3,993	0,073	-4,993	8,712	1,738	1,448	1,098	1,256	1,088	1,040	1,070	1,088	-15000,062	-2499,509	-56,406	1,000	0,925	1,619	6,659	0,720	1,879	11,293	42,523	26,915	23,632	26,780	0,993	8,980	106,686	1004,575	-25,012	0,382	0,444	NaN	0,380	0,804	3,172
11:10:40,611	20,392	23,983	23,873	-24,946	23,431	0,501	25,122	23,925	22,806	23,215	23,083	-24,901	22,975	23,882	23,121	23,115	15,144	16,138	1,026	-0,035	1,589	-5,015	-3,987	0,017	-4,992	8,716	1,749	1,441	1,077	1,279	1,093	1,055	1,069	1,081	-15000,379	-2498,649	-63,043	1,005	0,918	1,619	6,661	0,727	1,891	11,349	42,544	26,942	23,631	26,872	0,975	8,877	105,962	1003,427	-25,011	0,382	0,446	NaN	0,377	0,805	3,687
11:10:41,094	20,411	23,939	23,795	-24,946	23,376	0,502	25,105	23,969	22,910	23,164	23,085	-24,922	23,028	23,892	23,136	23,147	15,138	16,089	1,005	-0,046	1,609	-5,018	-3,997	0,001	-4,993	8,717	1,733	1,448	1,088	1,265	1,073	1,050	1,068	1,109	-15000,590	-2499,095	-77,936	0,996	1,023	1,612	6,650	0,709	1,881	11,242	42,468	26,873	23,681	26,637	0,916	8,971	106,239	1003,567	-25,011	0,381	0,444	NaN	0,380	0,802	4,187
11:10:41,578	20,446	23,974	23,862	-24,983	23,466	0,502	25,137	23,921	22,886	23,122	23,133	-24,917	22,958	23,845	23,151	23,137	15,113	16,181	1,030	-0,052	1,601	-5,015	-3,990	0,053	-4,993	8,717	1,756	1,455	1,087	1,249	1,089	1,040	1,074	1,106	-15002,454	-2499,995	-78,167	1,027	1,075	1,632	6,623	0,722	1,881	11,298	42,468	26,896	23,586	26,987	0,923	8,982	107,050	1000,441	-25,009	0,385	0,444	NaN	0,377	0,805	4,672
11:10:42,094	20,421	23,962	23,842	-24,959	23,367	0,502	24,988	23,923	22,931	23,073	23,115	-24,943	23,003	23,841	23,145	23,083	15,179	16,127	1,004	-0,063	1,600	-5,018	-3,991	-0,022	-4,993	8,702	1,739	1,455	1,089	1,258	1,079	1,048	1,057	1,100	-15000,792	-2499,910	-82,300	1,010	0,967	1,619	6,679	0,719	1,858	11,286	42,470	26,931	23,670	26,723	0,976	8,964	106,663	1005,224	-25,010	0,382	0,439	NaN	0,384	0,796	5,172
11:10:42,578	20,383	23,944	23,813	-24,906	23,415	0,501	25,229	23,921	22,907	23,117	23,133	-24,930	22,983	23,880	23,141	23,086	15,146	16,180	1,032	-0,037	1,595	-5,016	-3,993	-0,034	-4,992	8,699	1,729	1,451	1,082	1,269	1,076	1,032	1,084	1,092	-15001,797	-2499,695	-69,057	1,008	0,978	1,689	6,591	0,727	1,869	11,288	42,463	26,888	23,922	26,742	0,980	8,948	107,230	999,350	-25,009	0,399	0,441	NaN	0,381	0,798	5,672
11:10:43,078	20,430	23,943	23,870	-24,925	23,452	0,502	25,104	23,918	22,897	23,123	23,118	-24,937	23,025	23,851	23,170	23,120	15,118	16,197	1,019	-0,042	1,606	-5,016	-3,992	0,038	-4,991	8,694	1,749	1,457	1,099	1,254	1,083	1,049	1,056	1,111	-15002,064	-2499,403	-57,528	0,976	1,106	1,688	6,672	0,713	1,875	11,309	42,471	26,850	23,738	26,753	1,024	8,869	107,429	1002,193	-25,005	0,399	0,443	NaN	0,383	0,800	6,156
11:10:43,563	20,405	23,944	23,852	-24,936	23,383	0,502	25,094	23,946	22,931	23,097	23,122	-24,930	22,973	23,845	23,179	23,103	15,148	16,138	1,014	-0,053	1,597	-5,016	-3,992	0,055	-4,992	8,707	1,719	1,459	1,086	1,274	1,070	1,044	1,071	1,104	-15000,922	-2499,776	-52,685	1,002	1,006	1,656	6,631	0,726	1,871	11,275	42,440	26,896	23,576	26,653	0,910	8,972	106,954	996,499	-25,007	0,391	0,442	NaN	0,379	0,801	6,656
11:10:44,032	20,406	23,941	23,831	-24,924	23,344	0,502	25,144	23,950	22,895	23,081	23,114	-24,914	23,001	23,894	23,132	23,056	15,138	16,147	1,014	-0,051	1,602	-5,014	-3,993	-0,028	-4,991	8,711	1,756	1,441	1,093	1,275	1,081	1,039	1,081	1,117	-15002,688	-2499,456	-79,804	1,017	1,047	1,639	6,598	0,732	1,871	11,249	42,440	26,877	23,639	26,738	0,972	8,983	106,226	1002,497	-25,010	0,387	0,442	NaN	0,380	0,803	7,140
11:10:44,516	20,424	23,920	23,883	-24,960	23,378	0,501	25,100	23,952	22,892	23,028	23,125	-24,902	22,984	23,831	23,171	23,087	15,150	16,145	1,015	-0,038	1,598	-5,016	-3,992	-0,021	-4,992	8,694	1,747	1,459	1,086	1,258	1,073	1,037	1,066	1,084	-15001,676	-2499,995	-82,515	1,027	0,987	1,626	6,645	0,731	1,858	11,297	42,462	26,917	23,657	26,890	0,950	8,991	106,209	999,296	-25,009	0,384	0,439	NaN	0,378	0,800	7,625
11:10:45,032	20,417	23,999	23,822	-24,981	23,369	0,501	25,212	23,952	22,916	23,083	23,104	-24,811	22,986	23,856	23,109	23,114	15,156	16,104	1,005	-0,024	1,602	-5,017	-3,993	-0,019	-4,996	8,710	1,752	1,461	1,080	1,273	1,091	1,042	1,079	1,106	-15000,801	-2500,851	-81,360	1,019	0,858	1,651	6,594	0,741	1,872	11,219	42,430	26,937	23,609	26,765	0,940	9,004	106,767	1004,664	-25,010	0,390	0,442	NaN	0,378	0,802	8,094
11:10:45,532	20,413	24,019	23,800	-24,938	23,426	0,502	25,115	23,941	22,874	23,120	23,153	-24,958	22,998	23,869	23,218	23,059	15,167	16,142	1,006	-0,051	1,600	-5,017	-3,986	-0,033	-4,994	8,706	1,752	1,455	1,087	1,258	1,085	1,042	1,065	1,095	-15000,857	-2499,464	-68,960	1,026	0,934	1,634	6,633	0,728	1,871	11,295	42,453	26,920	23,623	26,828	0,988	8,984	106,503	1002,346	-25,008	0,386	0,442	NaN	0,378	0,801	8,625
11:10:46,032	20,403	23,955	23,818	-24,930	23,395	0,501	25,112	23,995	22,882	23,120	23,116	-24,953	22,968	23,837	23,101	23,032	15,180	16,138	0,998	-0,062	1,598	-5,017	-3,995	-0,080	-4,993	8,695	1,745	1,442	1,089	1,276	1,083	1,044	1,064	1,083	-15001,295	-2499,707	-63,785	1,043	0,944	1,646	6,632	0,736	1,872	11,250	42,410	26,922	23,658	26,610	1,013	9,009	107,255	1003,748	-25,012	0,389	0,442	NaN	0,380	0,801	9,109
11:10:46,486	20,432	23,996	23,829	-24,976	23,342	0,502	25,111	23,910	22,862	23,097	23,122	-24,904	22,989	23,863	23,097	23,052	15,178	16,176	1,001	-0,048	1,592	-5,016	-3,990	-0,049	-4,993	8,704	1,735	1,452	1,093	1,269	1,078	1,056	1,086	1,095	-14997,915	-2499,675	-80,392	1,011	0,865	1,627	6,561	0,729	1,870	11,267	42,505	26,874	23,605	26,802	0,940	9,045	107,247	997,593	-25,013	0,384	0,442	NaN	0,375	0,803	9,609
11:10:47,000	20,398	23,969	23,809	-24,938	23,462	0,501	25,109	23,948	22,884	23,058	23,117	-24,929	22,969	23,827	23,067	23,084	15,167	16,168	1,011	-0,052	1,609	-5,017	-3,996	-0,058	-4,993	8,705	1,734	1,444	1,088	1,258	1,073	1,044	1,076	1,095	-15001,781	-2500,259	-72,814	1,017	0,950	1,614	6,586	0,745	1,872	11,285	42,454	26,866	23,523	26,660	0,924	9,033	106,713	1003,788	-25,008	0,381	0,442	NaN	0,379	0,801	10,062
11:10:47,486	20,449	23,932	23,817	-24,936	23,523	0,502	25,107	23,946	22,886	23,101	23,175	-24,935	22,998	23,887	23,121	23,050	15,149	16,213	1,013	-0,047	1,601	-5,015	-3,995	-0,025	-4,990	8,717	1,743	1,460	1,085	1,278	1,081	1,049	1,076	1,101	-15002,964	-2499,156	-59,542	1,017	0,848	1,637	6,591	0,726	1,880	11,295	42,495	26,907	23,671	26,588	0,979	8,904	106,381	1000,153	-25,005	0,386	0,444	NaN	0,376	0,800	10,578
11:10:48,000	20,438	23,934	23,766	-24,957	23,344	0,501	25,040	24,022	22,898	23,022	23,170	-24,930	22,986	23,796	23,105	23,085	15,156	16,161	1,014	-0,049	1,609	-5,018	-3,993	0,002	-4,994	8,719	1,740	1,447	1,096	1,260	1,062	1,047	1,080	1,116	-15001,895	-2499,140	-61,832	1,019	0,867	1,639	6,572	0,727	1,862	11,245	42,458	26,861	23,648	26,839	0,941	8,971	106,963	1004,866	-25,012	0,387	0,440	NaN	0,378	0,801	11,062
11:10:48,500	20,379	23,963	23,805	-24,957	23,388	0,502	25,188	23,983	22,893	23,047	23,192	-24,952	22,993	23,894	23,126	23,113	15,120	16,182	1,011	-0,053	1,602	-5,016	-3,991	-0,043	-4,993	8,699	1,737	1,447	1,083	1,260	1,076	1,030	1,098	1,099	-15003,661	-2499,350	-69,037	1,024	0,941	1,621	6,513	0,734	1,855	11,307	42,468	26,887	23,723	26,800	0,958	9,055	106,628	997,636	-25,010	0,383	0,438	NaN	0,377	0,802	11,578
11:10:49,000	20,398	23,896	23,748	-24,946	23,455	0,501	25,143	23,997	22,885	23,078	23,141	-24,907	22,937	23,859	23,129	23,097	15,159	16,122	1,013	-0,049	1,602	-5,015	-3,995	-0,009	-4,991	8,724	1,749	1,451	1,087	1,258	1,084	1,042	1,077	1,123	-15002,268	-2500,534	-72,514	1,014	0,674	1,627	6,589	0,734	1,861	11,315	42,493	26,922	23,584	26,777	1,004	8,980	106,893	1002,929	-25,006	0,384	0,439	NaN	0,378	0,805	12,078
11:10:49,469	20,414	23,970	23,759	-24,952	23,402	0,501	25,027	24,011	22,883	23,066	23,142	-24,860	22,982	23,874	23,140	23,110	15,203	16,131	1,017	-0,074	1,596	-5,016	-3,993	-0,019	-4,997	8,701	1,739	1,446	1,081	1,266	1,077	1,045	1,077	1,093	-15002,097	-2499,618	-80,801	1,041	0,952	1,593	6,592	0,749	1,866	11,254	42,519	26,906	23,573	26,802	0,979	8,871	106,567	996,998	-25,015	0,376	0,441	NaN	0,377	0,804	12,578
11:10:49,986	20,398	23,910	23,699	-24,941	23,278	0,502	25,100	23,959	22,885	23,080	23,166	-24,909	23,017	23,853	23,112	23,113	15,159	16,137	0,998	-0,067	1,603	-5,015	-3,988	-0,034	-4,995	8,707	1,727	1,450	1,077	1,269	1,074	1,041	1,075	1,100	-15001,506	-2499,675	-81,486	0,981	0,917	1,605	6,600	0,761	1,870	11,309	42,511	26,933	23,671	26,748	0,995	8,964	107,216	999,795	-25,003	0,379	0,442	NaN	0,376	0,807	13,062
11:10:50,453	20,465	23,928	23,771	-24,945	23,475	0,501	25,078	23,973	22,866	23,122	23,130	-24,955	22,973	23,835	23,126	23,157	15,165	16,144	1,011	-0,046	1,602	-5,019	-3,992	-0,044	-4,994	8,715	1,741	1,449	1,092	1,266	1,067	1,055	1,071	1,101	-15003,118	-2499,967	-88,075	1,025	0,938	1,578	6,610	0,749	1,881	11,307	42,479	26,930	23,727	26,839	0,983	8,990	106,273	999,258	-25,005	0,372	0,444	NaN	0,376	0,805	13,562
11:10:50,969	20,385	23,960	23,762	-24,972	23,371	0,502	25,012	23,937	22,884	23,095	23,114	-24,893	22,994	23,846	23,114	23,128	15,134	16,188	1,012	-0,066	1,607	-5,014	-3,993	0,036	-4,992	8,706	1,738	1,444	1,088	1,258	1,088	1,030	1,089	1,087	-15000,801	-2499,042	-64,462	0,969	0,904	1,590	6,558	0,741	1,870	11,224	42,473	26,912	23,740	26,781	0,955	8,965	106,312	1000,460	-25,014	0,375	0,442	NaN	0,375	0,805	14,062
11:10:51,453	20,419	23,948	23,747	-24,943	23,392	0,501	25,125	23,917	22,894	23,123	23,137	-24,924	23,051	23,925	23,074	23,125	15,125	16,156	1,017	-0,048	1,602	-5,017	-3,992	0,023	-4,993	8,710	1,734	1,456	1,095	1,259	1,090	1,035	1,088	1,100	-15001,691	-2499,509	-51,911	1,018	0,961	1,587	6,549	0,761	1,859	11,267	42,465	26,904	23,668	26,634	0,995	8,981	106,314	1002,479	-25,008	0,375	0,439	NaN	0,374	0,806	14,562
11:10:51,969	20,374	23,968	23,749	-24,927	23,367	0,501	25,175	23,918	22,917	23,125	23,114	-24,973	23,018	23,862	23,085	23,113	15,185	16,134	1,014	-0,046	1,598	-5,017	-3,989	-0,046	-4,992	8,704	1,744	1,433	1,089	1,268	1,104	1,032	1,084	1,088	-15002,081	-2499,963	-75,893	1,005	0,959	1,582	6,559	0,751	1,862	11,269	42,477	26,939	23,600	26,822	0,943	8,986	106,490	1004,362	-25,009	0,374	0,440	NaN	0,371	0,809	15,031
11:10:52,486	20,399	23,963	23,756	-24,961	23,357	0,501	25,123	23,922	22,887	23,112	23,130	-24,894	23,047	23,959	23,038	23,100	15,165	16,164	1,007	-0,061	1,611	-5,017	-3,991	-0,009	-4,994	8,694	1,739	1,457	1,069	1,267	1,085	1,040	1,059	1,101	-15000,605	-2500,101	-78,937	1,038	0,993	1,562	6,631	0,756	1,868	11,262	42,510	26,893	23,700	26,809	1,035	8,999	106,799	1005,510	-25,003	0,369	0,441	NaN	0,379	0,801	15,547
11:10:52,986	20,408	23,941	23,771	-24,950	23,441	0,501	25,130	23,969	22,858	23,119	23,147	-24,895	23,042	23,887	23,145	23,153	15,162	16,140	1,014	-0,057	1,602	-5,016	-3,990	-0,025	-4,993	8,712	1,733	1,457	1,096	1,256	1,085	1,058	1,072	1,070	-15002,681	-2498,986	-83,532	1,005	0,909	1,636	6,601	0,748	1,879	11,296	42,518	26,951	23,693	26,696	1,122	8,995	107,250	999,442	-25,010	0,386	0,444	NaN	0,378	0,798	16,047
11:10:53,500	20,418	23,958	23,757	-24,920	23,372	0,502	25,169	23,977	22,852	23,106	23,087	-25,036	23,079	23,872	23,098	23,121	15,155	16,149	0,997	-0,041	1,598	-5,017	-3,994	-0,199	-4,995	8,700	1,739	1,442	1,102	1,252	1,077	1,042	1,082	1,086	-15003,467	-2500,478	-71,201	1,014	0,999	1,659	6,538	0,747	1,862	11,292	42,483	26,921	23,659	26,790	0,942	8,995	107,255	1003,473	-25,014	0,392	0,440	NaN	0,378	0,800	16,562
11:10:54,016	20,386	23,964	23,764	-24,978	23,409	0,501	25,109	23,904	22,910	23,136	23,127	-24,908	23,041	23,874	23,095	23,092	15,139	16,143	1,015	-0,065	1,600	-5,017	-3,991	-0,092	-4,994	8,702	1,734	1,460	1,083	1,269	1,077	1,046	1,080	1,092	-15002,818	-2499,286	-66,285	1,049	0,971	1,633	6,550	0,749	1,869	11,185	42,486	26,877	23,593	26,752	0,985	9,006	107,318	998,070	-24,995	0,386	0,441	NaN	0,375	0,806	17,062
11:10:54,469	20,388	23,943	23,749	-25,010	23,341	0,502	25,123	23,917	22,871	23,096	23,127	-24,841	23,059	23,918	23,082	23,181	15,174	16,138	1,017	-0,053	1,603	-5,017	-3,991	0,061	-4,993	8,703	1,736	1,464	1,097	1,261	1,082	1,056	1,058	1,094	-15002,032	-2498,767	-68,210	1,000	1,048	1,592	6,618	0,757	1,870	11,230	42,490	26,853	23,677	26,829	0,982	9,046	107,743	1000,643	-25,004	0,376	0,441	NaN	0,380	0,799	17,578
11:10:55,000	20,388	23,966	23,790	-25,006	23,387	0,501	25,109	23,932	22,894	23,142	23,137	-24,924	23,043	23,880	23,103	23,128	15,151	16,137	1,021	-0,045	1,605	-5,015	-3,991	0,016	-4,992	8,707	1,735	1,465	1,080	1,263	1,076	1,043	1,073	1,080	-14998,880	-2499,602	-71,780	1,038	0,939	1,652	6,565	0,772	1,869	11,297	42,453	26,909	23,662	26,796	0,937	9,006	107,620	993,848	-25,010	0,390	0,441	NaN	0,377	0,800	18,062
11:10:55,500	20,391	23,953	23,778	-24,956	23,408	0,501	25,098	23,927	22,875	23,104	23,096	-24,903	23,009	23,884	23,093	23,048	15,159	16,142	1,015	-0,051	1,594	-5,016	-3,993	-0,037	-4,991	8,695	1,739	1,447	1,096	1,251	1,087	1,056	1,063	1,097	-14999,966	-2499,638	-76,651	1,026	0,881	1,643	6,584	0,765	1,862	11,277	42,484	26,851	23,682	26,840	0,970	8,902	106,750	1001,182	-25,019	0,388	0,440	NaN	0,381	0,795	18,578
11:10:56,016	20,422	23,924	23,768	-24,948	23,438	0,501	25,005	23,951	22,896	23,080	23,091	-25,054	23,052	23,884	23,096	23,094	15,156	16,109	1,016	-0,048	1,608	-5,018	-3,996	-0,000	-4,993	8,709	1,747	1,463	1,080	1,262	1,072	1,046	1,083	1,081	-15000,428	-2500,291	-81,109	1,016	0,951	1,683	6,522	0,781	1,864	11,284	42,488	26,921	23,701	26,779	0,953	8,960	106,643	992,258	-25,005	0,397	0,440	NaN	0,377	0,798	19,078
11:10:56,500	20,393	23,891	23,755	-24,998	23,362	0,502	25,075	23,932	22,903	23,124	23,095	-24,904	23,011	23,890	23,015	23,106	15,131	16,114	1,012	-0,037	1,595	-5,017	-3,994	-0,109	-4,993	8,713	1,732	1,472	1,084	1,286	1,071	1,067	1,075	1,092	-15003,280	-2499,760	-66,050	0,998	0,945	1,655	6,540	0,789	1,866	11,244	42,503	26,892	23,794	26,829	1,015	9,018	106,163	1003,263	-25,010	0,391	0,441	NaN	0,379	0,798	19,594
11:10:57,000	20,417	23,893	23,742	-24,964	23,541	0,501	24,979	23,936	22,850	23,104	23,199	-24,874	23,002	23,868	23,088	23,138	15,138	16,193	1,008	-0,049	1,605	-5,016	-3,988	-0,015	-4,996	8,707	1,724	1,449	1,081	1,277	1,084	1,034	1,073	1,087	-15003,378	-2499,942	-68,080	1,029	0,908	1,658	6,557	0,779	1,869	11,286	42,438	26,945	23,448	26,806	0,967	9,000	106,334	995,470	-25,010	0,391	0,441	NaN	0,375	0,802	20,078
11:10:57,500	20,396	23,921	23,760	-24,987	23,420	0,502	25,220	23,960	22,851	23,068	23,111	-24,947	23,047	23,864	23,064	23,130	15,161	16,151	0,991	-0,034	1,601	-5,016	-3,998	-0,055	-4,995	8,709	1,739	1,454	1,093	1,257	1,077	1,040	1,080	1,099	-15000,792	-2498,771	-81,234	1,041	0,889	1,619	6,539	0,764	1,867	11,239	42,494	26,850	23,682	26,835	0,964	8,989	106,720	1003,928	-25,007	0,382	0,441	NaN	0,377	0,800	20,578
11:10:58,016	20,419	23,913	23,766	-24,957	23,418	0,501	25,202	23,947	22,890	23,056	23,104	-24,921	23,022	23,830	23,101	23,085	15,227	16,162	1,004	-0,062	1,600	-5,017	-3,993	0,026	-4,993	8,701	1,735	1,449	1,084	1,262	1,066	1,053	1,086	1,103	-15000,420	-2499,801	-84,347	1,018	0,982	1,625	6,511	0,777	1,873	11,239	42,475	26,906	23,674	26,753	1,021	8,990	107,409	998,658	-25,021	0,384	0,442	NaN	0,374	0,802	21,078
11:10:58,500	20,396	23,955	23,781	-24,940	23,413	0,502	25,268	23,943	22,921	23,096	23,109	-24,883	23,062	23,849	23,144	23,082	15,169	16,179	1,011	-0,068	1,605	-5,014	-3,992	-0,070	-4,991	8,701	1,735	1,430	1,083	1,261	1,077	1,054	1,077	1,077	-15000,662	-2499,241	-68,806	1,007	0,931	1,612	6,549	0,742	1,871	11,260	42,516	26,884	23,630	26,795	0,953	8,935	106,669	1004,642	-24,999	0,381	0,442	NaN	0,376	0,801	21,594
11:10:59,016	20,437	23,949	23,823	-24,976	23,362	0,502	25,056	23,930	22,911	23,125	23,146	-24,961	22,997	23,865	23,110	23,114	15,082	16,136	1,013	-0,068	1,596	-5,017	-3,992	0,017	-4,992	8,713	1,732	1,456	1,089	1,264	1,094	1,037	1,083	1,099	-14999,131	-2499,517	-68,482	1,005	1,150	1,622	6,522	0,746	1,862	11,261	42,483	26,968	23,728	26,789	0,945	9,002	106,383	1001,781	-25,009	0,383	0,440	NaN	0,373	0,805	22,094
11:10:59,500	20,386	23,886	23,713	-24,956	23,392	0,502	25,079	23,920	22,906	23,091	23,148	-24,977	23,012	23,842	23,121	23,095	15,144	16,158	1,012	-0,041	1,597	-5,018	-3,991	-0,073	-4,993	8,721	1,749	1,458	1,090	1,265	1,080	1,030	1,065	1,111	-15000,963	-2499,918	-74,892	1,020	0,950	1,594	6,586	0,748	1,873	11,249	42,451	26,969	23,721	26,955	0,928	8,928	106,395	1005,332	-25,011	0,376	0,442	NaN	0,378	0,799	22,594
11:11:00,000	20,426	23,900	23,747	-24,969	23,353	0,502	25,100	23,920	22,857	23,133	23,081	-24,962	23,036	23,785	23,089	23,118	15,151	16,165	1,027	-0,057	1,604	-5,016	-3,993	0,019	-4,992	8,707	1,734	1,447	1,081	1,260	1,076	1,042	1,074	1,101	-15000,484	-2499,168	-75,079	1,070	0,786	1,642	6,538	0,738	1,862	11,241	42,450	26,901	23,756	26,827	0,955	8,976	107,508	996,354	-25,011	0,388	0,440	NaN	0,376	0,799	23,062
11:11:00,486	20,388	23,880	23,734	-24,960	23,502	0,502	25,145	23,980	22,914	23,125	23,122	-24,935	23,007	23,814	23,065	23,106	15,152	16,126	1,020	-0,055	1,598	-5,018	-3,993	0,022	-4,995	8,709	1,726	1,452	1,075	1,271	1,082	1,048	1,070	1,091	-15001,562	-2499,144	-43,641	1,012	0,837	1,651	6,545	0,731	1,856	11,252	42,451	26,858	23,736	26,827	0,983	8,989	107,037	1004,066	-25,011	0,390	0,438	NaN	0,376	0,800	23,578
11:11:01,000	20,414	23,885	23,745	-24,981	23,369	0,501	25,048	23,935	22,898	23,107	23,104	-24,924	22,981	23,836	23,093	23,140	15,144	16,120	1,012	-0,037	1,606	-5,014	-3,992	0,108	-4,991	8,709	1,736	1,447	1,093	1,235	1,080	1,034	1,053	1,089	-15001,546	-2500,936	-48,925	1,036	0,930	1,645	6,592	0,739	1,870	11,280	42,523	26,891	23,638	26,752	0,958	8,956	106,683	998,693	-25,003	0,388	0,441	NaN	0,376	0,795	24,078
11:11:01,500	20,393	23,911	23,737	-24,967	23,414	0,501	25,062	23,933	22,914	23,120	23,134	-24,981	22,986	23,826	23,081	23,135	15,191	16,141	1,011	-0,034	1,605	-5,019	-3,995	0,008	-4,994	8,707	1,731	1,445	1,078	1,257	1,080	1,040	1,078	1,096	-15001,740	-2499,050	-72,457	1,010	0,936	1,677	6,517	0,742	1,866	11,290	42,451	26,895	23,865	26,774	0,956	8,964	106,666	1005,187	-25,008	0,396	0,441	NaN	0,376	0,800	24,594
11:11:02,016	20,428	23,889	23,775	-24,953	23,388	0,502	25,071	23,918	22,949	23,124	23,163	-24,942	23,014	23,807	23,053	23,114	15,192	16,159	0,990	-0,061	1,600	-5,016	-3,992	0,000	-4,996	8,699	1,750	1,455	1,092	1,262	1,087	1,040	1,091	1,089	-15001,691	-2498,872	-90,741	0,989	1,096	1,619	6,479	0,768	1,868	11,255	42,535	26,904	23,746	26,815	0,997	8,994	106,913	998,326	-25,006	0,382	0,441	NaN	0,373	0,803	25,078
11:11:02,516	20,431	23,900	23,788	-24,939	23,346	0,502	25,089	23,939	22,956	23,117	23,119	-24,933	23,023	23,790	23,129	23,140	15,133	16,147	1,022	-0,047	1,604	-5,016	-3,992	-0,045	-4,991	8,705	1,746	1,446	1,087	1,250	1,070	1,057	1,049	1,082	-14999,163	-2499,804	-87,029	1,037	1,150	1,621	6,601	0,753	1,870	11,314	42,500	26,898	23,684	26,751	0,981	8,990	106,933	1002,942	-25,009	0,383	0,442	NaN	0,376	0,803	25,594
11:11:03,032	20,378	23,880	23,759	-24,942	23,314	0,502	25,181	23,950	22,956	23,099	23,146	-24,939	22,978	23,815	23,058	23,133	15,193	16,172	1,014	-0,026	1,600	-5,018	-3,992	-0,076	-4,989	8,692	1,732	1,458	1,087	1,257	1,067	1,037	1,075	1,092	-15001,044	-2499,237	-87,378	0,985	0,985	1,604	6,528	0,754	1,871	11,267	42,513	26,893	23,459	26,876	0,974	8,983	107,133	995,475	-25,004	0,379	0,442	NaN	0,374	0,803	26,094
11:11:03,500	20,399	23,937	23,841	-24,947	23,397	0,502	25,243	23,923	22,981	23,084	23,112	-24,938	22,980	23,831	23,090	23,129	15,154	16,149	1,011	-0,045	1,602	-5,016	-3,990	-0,036	-4,993	8,700	1,729	1,464	1,081	1,263	1,061	1,043	1,062	1,095	-15002,389	-2500,457	-79,763	1,022	0,868	1,614	6,571	0,759	1,877	11,334	42,459	26,970	23,700	27,150	0,964	9,010	107,080	1002,134	-25,007	0,381	0,443	NaN	0,377	0,799	26,609
11:11:04,016	20,425	23,887	23,763	-24,936	23,379	0,501	25,047	23,950	22,984	23,118	23,145	-24,921	22,964	23,905	23,084	23,118	15,112	16,110	1,006	-0,048	1,594	-5,018	-3,989	0,074	-4,992	8,702	1,745	1,445	1,081	1,251	1,090	1,039	1,074	1,088	-15003,054	-2499,350	-82,892	1,015	0,875	1,638	6,526	0,771	1,863	11,318	42,474	26,927	23,581	26,863	0,948	8,970	107,146	999,021	-25,009	0,387	0,440	NaN	0,377	0,797	27,062
11:11:04,500	20,420	23,906	23,729	-24,948	23,435	0,501	25,118	23,931	22,983	23,083	23,152	-24,857	22,962	23,813	23,050	23,100	15,103	16,187	1,007	-0,057	1,602	-5,017	-3,985	-0,014	-4,993	8,704	1,738	1,453	1,090	1,252	1,070	1,050	1,093	1,092	-15001,895	-2499,877	-83,269	1,037	1,013	1,650	6,466	0,763	1,868	11,258	42,454	26,910	23,687	26,904	0,978	8,990	107,300	997,696	-25,010	0,390	0,441	NaN	0,376	0,801	27,594
11:11:05,016	20,399	23,908	23,746	-24,945	23,416	0,502	25,160	23,925	23,002	23,113	23,146	-25,045	22,936	23,848	23,114	23,072	15,130	16,129	1,013	-0,060	1,603	-5,019	-3,993	-0,045	-4,992	8,704	1,750	1,452	1,091	1,266	1,077	1,039	1,071	1,097	-15001,765	-2499,521	-62,719	1,007	0,912	1,623	6,550	0,770	1,871	11,289	42,449	26,915	23,713	26,869	0,965	8,988	106,284	998,113	-25,011	0,383	0,442	NaN	0,374	0,804	28,078
11:11:05,500	20,411	23,915	23,765	-24,936	23,398	0,501	25,317	23,944	22,985	23,100	23,144	-24,910	22,949	23,868	23,050	23,075	15,105	16,183	1,006	-0,079	1,595	-5,017	-3,991	-0,023	-4,991	8,697	1,743	1,455	1,101	1,276	1,077	1,026	1,067	1,110	-15000,533	-2499,833	-53,707	1,017	0,930	1,594	6,548	0,768	1,864	11,266	42,490	26,899	23,616	26,876	0,962	8,962	106,261	1001,328	-25,015	0,376	0,440	NaN	0,374	0,802	28,594
11:11:06,016	20,390	23,907	23,756	-24,983	23,373	0,501	25,182	23,925	23,009	23,071	23,099	-24,930	22,955	23,844	23,067	23,092	15,154	16,161	1,005	-0,043	1,608	-5,015	-3,991	0,028	-4,994	8,701	1,736	1,445	1,095	1,251	1,083	1,030	1,072	1,098	-15000,347	-2499,999	-37,290	0,997	0,810	1,616	6,542	0,779	1,872	11,280	42,505	26,962	23,630	26,759	0,985	8,995	105,982	1001,783	-25,009	0,382	0,442	NaN	0,372	0,804	29,078
11:11:06,500	20,399	23,865	23,766	-24,942	23,363	0,501	25,156	23,915	22,981	23,103	23,128	-24,945	23,041	23,825	23,135	23,080	15,171	16,148	1,014	-0,059	1,602	-5,016	-3,992	-0,013	-4,992	8,692	1,735	1,454	1,073	1,279	1,071	1,049	1,067	1,077	-14995,549	-2499,659	-62,055	1,007	0,980	1,596	6,561	0,767	1,866	11,249	42,503	26,922	23,679	26,768	0,965	9,038	106,378	1004,200	-25,013	0,377	0,441	NaN	0,376	0,797	29,594
11:11:07,016	20,389	23,866	23,826	-24,967	23,411	0,502	25,034	23,916	22,984	23,113	23,165	-24,906	22,950	23,897	23,069	23,173	15,148	16,091	1,006	-0,045	1,600	-5,017	-3,994	-0,074	-4,993	8,706	1,735	1,461	1,080	1,263	1,084	1,039	1,081	1,094	-15001,870	-2499,634	-79,310	1,010	0,980	1,656	6,513	0,755	1,875	11,233	42,406	26,883	23,671	27,032	0,967	8,966	106,436	1003,723	-25,010	0,391	0,443	NaN	0,376	0,799	30,078
11:11:07,500	20,383	23,887	23,778	-24,944	23,404	0,501	25,077	23,914	22,992	23,091	23,154	-24,930	22,972	23,830	23,102	23,050	15,116	16,134	1,020	-0,066	1,604	-5,014	-3,992	-0,009	-4,993	8,705	1,753	1,457	1,077	1,260	1,079	1,035	1,082	1,090	-15001,433	-2498,661	-89,716	1,009	0,941	1,642	6,517	0,735	1,875	11,287	42,516	26,835	23,645	26,756	0,979	8,997	107,236	1001,425	-25,011	0,388	0,443	NaN	0,374	0,802	30,578
11:11:08,016	20,414	23,910	23,771	-24,962	23,500	0,502	25,080	23,915	22,968	23,148	23,165	-24,947	22,958	23,845	23,032	23,107	15,160	16,164	0,995	-0,056	1,592	-5,017	-3,989	-0,003	-4,993	8,713	1,735	1,469	1,086	1,268	1,071	1,052	1,087	1,087	-15001,570	-2499,415	-92,014	1,010	0,883	1,608	6,511	0,746	1,855	11,278	42,458	26,921	23,624	26,812	0,969	8,992	106,589	1004,820	-25,010	0,380	0,438	NaN	0,375	0,805	31,078
11:11:08,500	20,385	23,890	23,789	-24,961	23,269	0,502	25,098	23,884	22,967	23,092	23,114	-24,930	22,973	23,891	23,072	23,146	15,124	16,153	1,007	-0,038	1,598	-5,018	-3,991	-0,011	-4,994	8,702	1,737	1,442	1,086	1,280	1,086	1,031	1,078	1,093	-14999,917	-2499,196	-82,503	1,013	0,955	1,585	6,535	0,751	1,864	11,304	42,480	26,871	23,696	26,808	0,976	8,952	107,067	997,690	-25,011	0,374	0,440	NaN	0,372	0,806	31,594
11:11:09,000	20,378	23,903	23,779	-24,968	23,431	0,501	25,003	23,956	22,913	23,128	23,146	-24,965	22,997	23,803	23,090	23,109	15,133	16,170	1,020	-0,040	1,604	-5,017	-3,992	0,050	-4,992	8,721	1,747	1,440	1,088	1,264	1,083	1,036	1,091	1,081	-15002,283	-2498,175	-65,317	1,008	0,896	1,563	6,509	0,737	1,870	11,330	42,486	26,900	23,698	26,758	0,935	9,035	107,316	1002,797	-25,008	0,369	0,441	NaN	0,378	0,805	32,078
11:11:09,500	20,371	23,862	23,777	-25,015	23,337	0,502	25,169	23,900	22,955	23,092	23,151	-24,945	22,962	23,819	23,117	23,132	15,168	16,151	1,009	-0,057	1,605	-5,014	-3,990	0,020	-4,995	8,714	1,737	1,456	1,091	1,266	1,088	1,042	1,066	1,102	-15002,916	-2500,031	-63,680	1,009	0,917	1,602	6,599	0,750	1,859	11,253	42,471	26,940	23,681	26,675	0,992	8,969	107,153	993,449	-25,006	0,378	0,439	NaN	0,376	0,803	32,578
11:11:10,000	20,353	23,863	23,752	-24,948	23,484	0,502	25,118	23,938	22,920	23,093	23,093	-24,911	22,984	23,827	23,089	23,084	15,167	16,095	1,011	-0,046	1,603	-5,016	-3,990	-0,028	-4,991	8,697	1,723	1,467	1,077	1,276	1,079	1,051	1,061	1,093	-14999,633	-2500,104	-60,819	1,014	0,873	1,619	6,619	0,724	1,851	11,262	42,563	26,940	23,728	26,659	0,986	9,002	106,632	1001,535	-25,009	0,382	0,437	NaN	0,379	0,799	33,078
11:11:10,486	20,465	23,918	23,759	-24,971	23,391	0,501	25,129	23,894	22,941	23,130	23,142	-24,916	22,982	23,833	23,088	23,110	15,150	16,171	0,999	-0,038	1,605	-5,016	-3,994	-0,092	-4,995	8,712	1,741	1,456	1,090	1,276	1,087	1,048	1,083	1,072	-15002,049	-2499,221	-65,815	1,026	0,909	1,643	6,544	0,732	1,866	11,286	42,548	26,935	23,622	26,800	0,921	9,005	106,387	994,990	-25,005	0,388	0,441	NaN	0,377	0,798	33,578
11:11:11,000	20,431	23,969	23,784	-24,976	23,365	0,501	25,117	23,926	22,933	23,155	23,180	-24,877	23,023	23,879	23,125	23,174	15,086	16,172	1,016	-0,045	1,608	-5,016	-3,993	-0,097	-4,993	8,701	1,746	1,462	1,068	1,289	1,074	1,044	1,066	1,102	-14999,925	-2499,979	-79,249	1,014	0,897	1,667	6,584	0,740	1,879	11,265	42,534	26,913	23,715	26,786	0,974	8,988	106,189	1004,101	-25,010	0,394	0,444	NaN	0,378	0,800	34,062
11:11:11,500	20,398	23,813	23,737	-24,937	23,408	0,501	25,293	23,925	22,964	23,160	23,139	-25,010	22,980	23,870	23,150	23,127	15,121	16,132	1,015	-0,049	1,600	-5,015	-3,999	-0,020	-4,992	8,706	1,728	1,451	1,076	1,276	1,074	1,042	1,081	1,088	-15002,632	-2499,083	-76,270	1,001	1,013	1,641	6,549	0,748	1,869	11,228	42,440	26,926	23,548	26,821	0,996	8,989	106,725	1001,261	-25,007	0,387	0,441	NaN	0,377	0,801	34,578
11:11:12,000	20,419	23,877	23,781	-24,917	23,427	0,501	25,076	23,906	22,898	23,146	23,141	-24,947	22,978	23,850	23,096	23,110	15,141	16,100	1,014	-0,025	1,584	-5,018	-3,993	-0,084	-4,993	8,706	1,741	1,451	1,071	1,272	1,077	1,036	1,077	1,095	-15000,630	-2499,659	-55,129	1,025	0,846	1,632	6,556	0,752	1,868	11,307	42,498	26,952	23,636	26,761	0,959	8,963	106,891	1004,305	-25,002	0,385	0,441	NaN	0,379	0,802	35,062
11:11:12,486	20,408	23,871	23,768	-24,966	23,501	0,502	25,059	23,907	22,916	23,142	23,154	-24,925	22,968	23,875	23,089	23,152	15,187	16,168	1,015	-0,046	1,597	-5,017	-3,990	-0,032	-4,994	8,704	1,733	1,458	1,093	1,268	1,077	1,049	1,080	1,091	-15000,379	-2498,406	-59,283	1,014	0,978	1,619	6,558	0,760	1,885	11,253	42,468	26,899	23,629	26,699	1,005	8,967	106,711	997,189	-25,011	0,382	0,445	NaN	0,377	0,799	35,578
11:11:12,986	20,401	23,843	23,764	-24,940	23,331	0,501	25,153	23,870	22,924	23,126	23,160	-24,978	23,005	23,846	23,134	23,174	15,143	16,150	1,008	-0,060	1,600	-5,018	-3,993	-0,042	-4,994	8,698	1,750	1,456	1,084	1,276	1,083	1,034	1,073	1,075	-15002,016	-2499,541	-83,074	1,018	0,783	1,658	6,573	0,760	1,870	11,304	42,402	26,864	23,708	26,773	0,968	8,981	106,778	1004,437	-25,011	0,392	0,441	NaN	0,376	0,802	36,062
11:11:13,469	20,410	23,879	23,705	-24,961	23,409	0,502	25,121	23,921	22,914	23,134	23,138	-24,958	22,982	23,833	23,198	23,169	15,139	16,147	1,010	-0,036	1,605	-5,013	-3,994	-0,017	-4,995	8,714	1,751	1,458	1,083	1,257	1,077	1,031	1,083	1,095	-15002,794	-2499,500	-87,005	1,041	0,869	1,612	6,531	0,759	1,870	11,272	42,464	26,888	23,779	26,975	0,948	8,910	106,518	998,841	-25,013	0,381	0,442	NaN	0,374	0,801	36,562
11:11:13,969	20,411	23,882	23,730	-24,973	23,418	0,502	25,145	23,903	22,897	23,104	23,084	-24,928	23,013	23,824	23,175	23,226	15,152	16,150	1,013	-0,037	1,609	-5,016	-3,989	-0,028	-4,993	8,702	1,748	1,462	1,079	1,270	1,068	1,052	1,083	1,101	-15000,671	-2499,391	-90,474	0,995	0,799	1,618	6,527	0,762	1,862	11,277	42,476	26,956	23,689	26,783	0,971	8,896	106,764	1003,831	-25,011	0,382	0,440	NaN	0,377	0,805	37,047
11:11:14,469	20,408	23,876	23,731	-24,949	23,490	0,502	25,107	23,925	22,915	23,109	23,112	-24,838	23,004	23,810	23,139	23,209	15,143	16,138	1,018	-0,044	1,600	-5,016	-3,990	-0,069	-4,993	8,705	1,743	1,463	1,068	1,270	1,074	1,043	1,055	1,109	-15001,732	-2499,099	-87,390	1,005	0,941	1,604	6,608	0,766	1,873	11,287	42,437	26,898	23,732	26,789	1,007	8,969	106,906	995,755	-25,007	0,379	0,442	NaN	0,376	0,801	37,562
11:11:14,986	20,380	23,904	23,732	-24,979	23,426	0,501	25,241	23,930	22,954	23,134	23,053	-24,908	23,020	23,833	23,205	23,165	15,165	16,111	1,008	-0,053	1,590	-5,015	-3,989	0,049	-4,993	8,717	1,738	1,444	1,090	1,254	1,074	1,052	1,065	1,087	-15001,473	-2499,845	-84,371	1,013	0,971	1,637	6,570	0,755	1,866	11,309	42,489	26,940	23,544	26,807	0,976	9,036	106,536	1004,661	-25,005	0,387	0,441	NaN	0,377	0,800	38,047
11:11:15,486	20,401	23,922	23,750	-24,899	23,423	0,502	25,084	23,951	22,882	23,101	23,077	-24,894	22,965	23,828	23,183	23,172	15,135	16,182	1,023	-0,059	1,595	-5,017	-3,991	0,005	-4,997	8,703	1,753	1,449	1,076	1,267	1,086	1,031	1,074	1,088	-15001,076	-2498,783	-81,680	1,037	0,973	1,636	6,534	0,749	1,872	11,274	42,441	26,881	23,524	26,751	0,840	8,986	106,806	999,466	-25,009	0,386	0,442	NaN	0,375	0,800	38,562
11:11:15,986	20,407	23,865	23,773	-24,943	23,472	0,501	25,148	23,923	22,984	23,091	23,026	-24,927	22,983	23,829	23,162	23,181	15,176	16,155	1,006	-0,055	1,597	-5,017	-3,996	-0,017	-4,991	8,699	1,743	1,441	1,088	1,269	1,064	1,049	1,071	1,091	-15000,306	-2499,083	-59,485	1,008	0,956	1,637	6,548	0,728	1,861	11,295	42,436	26,905	23,626	26,743	1,008	8,965	106,805	1004,411	-25,003	0,387	0,439	NaN	0,377	0,801	39,062
11:11:16,453	20,446	23,891	23,779	-24,964	23,522	0,502	25,199	23,939	22,944	23,093	23,028	-24,926	23,008	23,805	23,195	23,184	15,158	16,126	1,020	-0,051	1,605	-5,018	-3,989	0,005	-4,993	8,712	1,720	1,433	1,081	1,261	1,086	1,047	1,079	1,097	-15001,278	-2499,723	-42,238	1,023	1,006	1,626	6,547	0,735	1,876	11,258	42,438	26,907	23,736	26,756	0,991	8,946	106,664	999,385	-25,014	0,384	0,443	NaN	0,376	0,801	39,562
11:11:17,000	20,395	23,888	23,802	-24,976	23,435	0,501	25,181	23,943	22,928	23,136	23,021	-24,924	22,993	23,790	23,191	23,218	15,118	16,128	1,008	-0,056	1,603	-5,015	-3,994	0,014	-4,992	8,703	1,736	1,430	1,082	1,275	1,077	1,040	1,086	1,082	-15000,735	-2499,403	-57,970	1,023	0,878	1,625	6,552	0,759	1,873	11,296	42,441	26,896	23,581	26,719	0,968	8,962	107,059	1004,138	-25,005	0,384	0,442	NaN	0,380	0,801	40,047
11:11:17,469	20,423	23,854	23,803	-24,980	23,390	0,502	25,117	23,964	22,948	23,069	23,046	-24,951	23,060	23,808	23,182	23,168	15,107	16,168	1,009	-0,045	1,597	-5,016	-3,995	-0,006	-4,992	8,705	1,732	1,454	1,090	1,264	1,084	1,036	1,090	1,078	-15000,565	-2499,456	-68,927	1,001	0,952	1,627	6,538	0,751	1,857	11,248	42,444	26,941	23,618	26,851	0,972	8,975	106,795	995,939	-25,013	0,384	0,438	NaN	0,377	0,805	40,578
11:11:17,986	20,339	23,879	23,802	-24,967	23,457	0,501	25,153	23,896	22,898	23,102	23,050	-24,854	22,944	23,793	23,178	23,203	15,170	16,104	1,021	-0,041	1,596	-5,016	-3,993	-0,066	-4,997	8,714	1,742	1,442	1,078	1,264	1,081	1,032	1,066	1,111	-15002,032	-2500,036	-73,130	1,020	0,933	1,604	6,619	0,734	1,865	11,269	42,438	26,934	23,824	26,725	1,002	9,022	107,229	1001,083	-25,011	0,379	0,440	NaN	0,378	0,806	41,047
11:11:18,453	20,423	23,851	23,795	-24,966	23,422	0,502	25,189	23,922	22,941	23,101	23,047	-25,005	23,002	23,770	23,186	23,169	15,151	16,150	1,003	-0,049	1,598	-5,017	-3,995	-0,090	-4,994	8,707	1,741	1,442	1,092	1,258	1,093	1,038	1,073	1,080	-15000,339	-2499,030	-82,130	1,026	1,046	1,594	6,604	0,743	1,872	11,313	42,468	26,929	24,016	26,789	1,020	9,055	106,916	998,571	-25,013	0,376	0,442	NaN	0,376	0,806	41,562
11:11:18,969	20,354	23,844	23,784	-24,930	23,588	0,502	25,175	23,911	22,929	23,124	23,001	-24,933	22,969	23,837	23,239	23,208	15,128	16,125	1,016	-0,053	1,603	-5,014	-3,996	-0,022	-4,990	8,700	1,750	1,459	1,091	1,270	1,073	1,042	1,072	1,086	-15001,895	-2500,182	-80,521	1,012	0,915	1,590	6,608	0,749	1,868	11,274	42,509	26,869	23,550	26,792	0,948	8,988	106,594	1000,312	-25,011	0,375	0,441	NaN	0,377	0,806	42,047
11:11:19,486	20,371	23,911	23,798	-24,941	23,408	0,502	25,159	23,928	22,982	23,086	23,022	-24,950	22,937	23,798	23,189	23,218	15,147	16,173	1,011	-0,042	1,592	-5,018	-3,990	-0,013	-4,992	8,711	1,726	1,445	1,081	1,278	1,071	1,051	1,055	1,072	-15003,808	-2499,014	-67,242	0,999	1,098	1,607	6,669	0,752	1,873	11,308	42,438	26,931	23,576	26,782	0,996	8,988	106,261	1003,761	-24,999	0,380	0,442	NaN	0,379	0,799	42,547
11:11:20,047	20,374	23,869	23,752	-24,916	23,439	0,502	25,124	23,869	22,947	23,118	23,034	-24,946	22,992	23,797	23,182	23,180	15,160	16,180	1,014	-0,050	1,595	-5,018	-3,986	0,073	-4,993	8,699	1,750	1,435	1,090	1,265	1,057	1,045	1,073	1,092	-15000,849	-2499,213	-55,834	0,979	0,935	1,661	6,607	0,739	1,870	11,302	42,458	26,936	23,566	26,803	0,964	8,998	106,481	1005,052	-25,011	0,392	0,441	NaN	0,380	0,801	43,062
11:11:20,736	20,360	23,876	23,775	-24,975	23,460	0,501	25,163	23,896	22,920	23,073	23,018	-24,930	22,977	23,805	23,207	23,197	15,174	16,167	1,013	-0,051	1,593	-5,016	-3,991	-0,040	-4,992	8,702	1,732	1,447	1,084	1,260	1,087	1,027	1,060	1,093	-14999,342	-2499,646	-56,406	1,015	0,984	1,658	6,654	0,739	1,862	11,298	42,497	26,886	23,751	27,066	0,966	8,983	106,722	1004,750	-25,011	0,392	0,440	NaN	0,378	0,803	43,734
11:11:21,203	20,333	23,896	23,747	-24,981	23,380	0,501	25,179	23,923	22,902	23,117	23,022	-24,926	22,987	23,902	23,199	23,163	15,125	16,152	1,013	-0,070	1,598	-5,018	-3,992	0,019	-4,994	8,699	1,736	1,454	1,087	1,262	1,053	1,037	1,069	1,077	-15002,121	-2499,379	-75,427	1,017	1,031	1,623	6,625	0,755	1,862	11,205	42,541	26,827	23,623	26,860	0,937	8,979	107,162	1002,406	-25,009	0,383	0,440	NaN	0,377	0,808	44,297
11:11:21,719	20,345	23,890	23,736	-24,971	23,423	0,501	25,328	23,875	22,875	23,147	23,049	-25,017	22,999	23,846	23,226	23,170	15,187	16,133	1,012	-0,039	1,597	-5,017	-3,992	0,009	-4,993	8,708	1,734	1,457	1,085	1,254	1,078	1,045	1,070	1,094	-15002,032	-2499,148	-80,282	1,049	0,960	1,580	6,641	0,758	1,867	11,250	42,478	26,934	23,506	26,768	0,948	8,983	106,744	1001,015	-25,011	0,373	0,441	NaN	0,375	0,807	44,797
11:11:22,203	20,333	23,946	23,735	-24,972	23,397	0,502	25,213	23,914	22,836	23,109	23,023	-24,850	22,980	23,851	23,163	23,187	15,078	16,118	1,013	-0,051	1,602	-5,016	-3,989	-0,030	-4,996	8,699	1,736	1,451	1,081	1,258	1,082	1,047	1,058	1,091	-15001,846	-2499,103	-86,308	1,010	0,976	1,595	6,668	0,741	1,869	11,222	42,474	26,916	23,476	26,727	1,007	8,988	106,859	1004,836	-25,005	0,377	0,441	NaN	0,382	0,802	45,297
11:11:22,736	20,307	23,925	23,659	-24,955	23,476	0,502	25,203	23,933	22,818	23,110	23,043	-24,842	22,983	23,870	23,195	23,133	15,159	16,152	1,011	-0,050	1,600	-5,016	-3,988	-0,027	-4,991	8,717	1,742	1,436	1,083	1,248	1,080	1,038	1,053	1,081	-15003,224	-2500,210	-74,402	0,999	0,742	1,658	6,700	0,754	1,868	11,200	42,480	26,869	23,613	26,868	0,976	9,033	106,693	998,146	-25,005	0,392	0,441	NaN	0,383	0,797	45,781
11:11:23,111	20,320	23,905	23,731	-24,982	23,359	0,502	25,142	23,949	22,847	23,131	23,010	-24,916	23,007	23,876	23,134	23,157	15,149	16,217	1,005	-0,045	1,593	-5,018	-3,991	0,045	-4,994	8,708	1,741	1,444	1,082	1,251	1,093	1,037	1,079	1,083	-14999,601	-2500,117	-64,689	1,010	1,085	1,688	6,609	0,738	1,876	11,205	42,474	26,877	23,577	26,972	0,908	8,974	106,930	1001,821	-25,005	0,399	0,443	NaN	0,381	0,803	46,312
11:11:23,594	20,356	23,935	23,703	-24,960	23,411	0,501	25,115	23,903	22,841	23,088	23,048	-24,931	23,035	23,832	23,192	23,098	15,159	16,112	1,017	-0,044	1,600	-5,018	-3,992	0,007	-4,990	8,704	1,742	1,434	1,073	1,253	1,080	1,036	1,072	1,094	-15000,598	-2499,164	-65,313	1,024	0,903	1,632	6,646	0,735	1,872	11,274	42,492	26,850	23,691	26,689	0,964	8,977	106,704	997,979	-25,011	0,385	0,442	NaN	0,378	0,803	46,687
11:11:24,111	20,368	23,968	23,722	-24,938	23,400	0,501	25,191	23,905	22,794	23,133	23,045	-24,762	22,929	23,864	23,148	23,129	15,127	16,144	1,008	-0,064	1,603	-5,016	-3,997	-0,016	-4,994	8,713	1,712	1,448	1,084	1,256	1,075	1,062	1,083	1,091	-15004,334	-2499,618	-60,126	1,013	0,907	1,617	6,608	0,748	1,866	11,281	42,478	26,833	23,574	26,815	0,959	8,961	107,303	1002,427	-25,011	0,382	0,441	NaN	0,379	0,804	47,172
11:11:24,578	20,422	23,967	23,737	-24,980	23,433	0,502	25,189	23,913	22,854	23,117	23,044	-24,928	22,946	23,848	23,219	23,142	15,124	16,173	0,999	-0,046	1,597	-5,016	-3,990	0,017	-4,992	8,708	1,746	1,457	1,093	1,259	1,062	1,044	1,085	1,088	-15003,248	-2499,281	-70,881	1,020	0,845	1,616	6,615	0,756	1,863	11,252	42,487	26,936	23,786	26,845	0,993	8,973	106,576	1004,807	-25,014	0,381	0,440	NaN	0,381	0,806	47,687
11:11:25,078	20,435	23,961	23,727	-24,961	23,346	0,502	25,347	23,911	22,809	23,134	22,991	-24,959	22,976	23,822	23,189	23,133	15,154	16,140	1,012	-0,077	1,595	-5,017	-3,990	0,060	-4,989	8,710	1,726	1,446	1,087	1,263	1,078	1,032	1,059	1,096	-15002,057	-2499,748	-51,924	1,052	0,877	1,615	6,710	0,766	1,868	11,265	42,473	26,932	23,599	26,807	1,077	8,932	107,050	1000,008	-25,010	0,381	0,441	NaN	0,379	0,807	48,172
11:11:25,578	20,381	23,938	23,647	-24,917	23,429	0,501	25,135	23,917	22,811	23,138	23,020	-24,982	22,957	23,832	23,175	23,140	15,146	16,182	0,998	-0,044	1,599	-5,018	-3,996	-0,000	-4,994	8,711	1,739	1,448	1,080	1,256	1,075	1,041	1,068	1,092	-14999,593	-2499,359	-47,280	1,040	0,899	1,598	6,667	0,771	1,868	11,270	42,417	26,867	23,533	26,747	0,980	8,950	107,070	1001,277	-25,008	0,377	0,441	NaN	0,381	0,806	48,672
11:11:26,111	20,378	23,939	23,683	-24,963	23,348	0,502	25,192	23,899	22,838	23,137	23,031	-24,915	22,966	23,874	23,185	23,151	15,158	16,158	1,021	-0,048	1,609	-5,017	-3,990	-0,004	-4,993	8,693	1,741	1,454	1,083	1,283	1,076	1,038	1,075	1,091	-15000,273	-2499,715	-62,906	1,043	0,880	1,602	6,657	0,768	1,868	11,263	42,507	26,855	23,521	26,706	0,928	8,974	107,231	994,198	-25,007	0,378	0,441	NaN	0,379	0,810	49,172
11:11:26,688	20,442	23,944	23,764	-24,944	23,419	0,501	25,151	23,896	22,886	23,141	23,023	-24,920	23,000	23,893	23,146	23,132	15,147	16,157	1,025	-0,049	1,593	-5,017	-3,992	0,011	-4,994	8,701	1,739	1,458	1,068	1,268	1,079	1,043	1,068	1,095	-14998,718	-2499,111	-74,248	1,005	0,944	1,565	6,686	0,770	1,874	11,259	42,477	26,920	23,694	26,812	0,955	8,985	106,810	1000,274	-25,022	0,370	0,443	NaN	0,382	0,806	49,687
11:11:27,172	20,428	23,965	23,764	-24,955	23,339	0,502	25,176	23,876	22,822	23,110	23,073	-25,017	22,999	23,882	23,134	23,159	15,167	16,136	1,013	-0,051	1,601	-5,017	-3,992	-0,013	-4,993	8,703	1,736	1,435	1,076	1,253	1,084	1,045	1,064	1,094	-14999,819	-2501,345	-89,096	1,001	0,991	1,607	6,687	0,783	1,862	11,302	42,428	26,945	23,579	26,726	1,014	9,027	106,821	993,443	-25,009	0,379	0,440	NaN	0,375	0,809	50,281
11:11:27,719	20,427	23,987	23,792	-24,955	23,461	0,501	25,131	23,945	22,822	23,128	23,030	-24,929	23,016	23,840	23,159	23,179	15,137	16,176	1,004	-0,046	1,600	-5,015	-3,993	0,007	-4,994	8,710	1,726	1,463	1,080	1,277	1,071	1,045	1,070	1,082	-15002,600	-2498,953	-66,930	1,022	0,911	1,578	6,664	0,772	1,880	11,290	42,467	26,923	23,598	26,820	1,030	9,017	106,587	1007,049	-25,007	0,373	0,444	NaN	0,383	0,801	50,750
11:11:28,188	20,415	23,965	23,794	-24,938	23,420	0,502	24,980	23,905	22,870	23,107	23,011	-25,013	22,991	23,921	23,152	23,149	15,171	16,179	1,003	-0,035	1,605	-5,016	-3,996	-0,013	-4,994	8,701	1,737	1,462	1,075	1,262	1,081	1,059	1,084	1,087	-15000,258	-2499,083	-59,145	1,025	0,881	1,638	6,612	0,768	1,875	11,263	42,472	26,907	23,564	26,774	0,892	9,000	107,533	993,128	-25,009	0,387	0,443	NaN	0,379	0,806	51,297
11:11:28,736	20,425	23,966	23,780	-24,931	23,376	0,502	25,135	23,846	22,849	23,125	23,033	-24,935	22,997	23,939	23,175	23,145	15,130	16,128	1,015	-0,046	1,596	-5,016	-3,994	0,004	-4,990	8,694	1,734	1,458	1,087	1,261	1,074	1,040	1,052	1,086	-15001,983	-2499,817	-64,579	1,012	0,910	1,618	6,716	0,747	1,878	11,257	42,490	26,879	23,723	26,847	0,954	9,020	107,136	1003,586	-25,003	0,382	0,443	NaN	0,386	0,798	51,765
11:11:29,125	20,428	23,900	23,816	-24,930	23,401	0,501	25,139	23,868	22,887	23,121	22,999	-24,924	22,952	23,896	23,194	23,150	15,111	16,138	1,009	-0,056	1,598	-5,018	-3,991	-0,015	-4,991	8,708	1,738	1,446	1,080	1,262	1,085	1,043	1,079	1,072	-15001,765	-2499,772	-85,761	1,041	0,812	1,675	6,619	0,731	1,876	11,270	42,504	26,902	23,613	26,852	1,028	8,869	107,115	992,083	-25,011	0,396	0,443	NaN	0,381	0,799	52,312
11:11:29,611	20,451	23,948	23,789	-24,992	23,386	0,502	25,261	23,894	22,832	23,075	23,014	-24,892	22,998	23,917	23,215	23,176	15,194	16,111	0,995	-0,058	1,588	-5,016	-3,991	-0,020	-4,990	8,710	1,741	1,446	1,084	1,257	1,073	1,035	1,080	1,099	-15001,887	-2500,157	-79,549	1,005	0,856	1,655	6,600	0,745	1,871	11,200	42,448	26,958	23,651	26,805	1,005	8,890	107,163	1002,002	-25,010	0,391	0,442	NaN	0,382	0,804	52,703
11:11:30,078	20,395	23,924	23,827	-24,944	23,383	0,502	25,099	23,891	22,817	23,085	23,025	-24,967	23,018	23,892	23,132	23,134	15,128	16,196	1,004	-0,053	1,591	-5,017	-3,992	-0,107	-4,992	8,710	1,740	1,450	1,077	1,271	1,079	1,060	1,063	1,093	-15002,437	-2499,103	-84,270	1,029	0,893	1,624	6,658	0,753	1,866	11,265	42,490	26,832	23,514	26,724	0,996	8,886	106,323	996,117	-25,007	0,383	0,441	NaN	0,376	0,806	53,187
11:11:30,578	20,438	23,962	23,795	-24,948	23,496	0,501	25,162	23,903	22,859	23,145	23,037	-24,928	22,972	23,905	23,164	23,119	15,166	16,117	1,010	-0,055	1,594	-5,017	-3,987	-0,062	-4,989	8,715	1,746	1,444	1,075	1,261	1,078	1,043	1,080	1,101	-15002,437	-2499,411	-87,037	1,009	1,030	1,585	6,599	0,740	1,870	11,271	42,439	26,910	23,435	26,845	0,952	8,919	106,934	1004,111	-25,009	0,374	0,442	NaN	0,380	0,804	53,656
11:11:31,078	20,408	23,957	23,839	-24,994	23,331	0,502	25,143	23,904	22,828	23,113	22,962	-24,935	22,953	23,920	23,177	23,135	15,146	16,182	1,012	-0,044	1,590	-5,017	-3,988	-0,008	-4,993	8,713	1,733	1,467	1,069	1,270	1,079	1,040	1,064	1,083	-15002,729	-2499,111	-73,989	1,005	0,943	1,617	6,646	0,766	1,877	11,233	42,509	26,904	23,645	26,810	0,950	8,962	106,764	999,366	-25,016	0,382	0,443	NaN	0,378	0,803	54,156
11:11:31,611	20,403	23,943	23,790	-24,890	23,389	0,502	25,176	23,897	22,780	23,114	23,016	-24,916	22,953	23,899	23,163	23,140	15,182	16,118	1,023	-0,052	1,600	-5,014	-3,992	-0,027	-4,993	8,701	1,751	1,443	1,075	1,271	1,070	1,043	1,056	1,079	-15001,578	-2499,363	-68,927	1,036	0,954	1,634	6,662	0,746	1,867	11,264	42,501	26,927	23,693	26,786	0,986	8,981	106,848	1003,944	-25,011	0,386	0,441	NaN	0,380	0,798	54,672
11:11:32,125	20,432	23,950	23,684	-24,952	23,472	0,502	25,130	23,930	22,824	23,117	23,058	-24,937	22,984	23,923	23,211	23,143	15,181	16,099	1,015	-0,055	1,597	-5,018	-3,988	-0,011	-4,992	8,709	1,745	1,446	1,071	1,277	1,076	1,030	1,069	1,092	-15001,254	-2500,109	-68,469	0,991	0,988	1,671	6,605	0,738	1,864	11,248	42,473	26,776	23,639	26,956	0,972	8,860	106,710	1002,091	-25,009	0,394	0,440	NaN	0,375	0,801	55,187
11:11:32,594	20,422	23,976	23,740	-24,974	23,414	0,501	25,142	23,911	22,880	23,065	23,011	-24,926	22,957	23,941	23,182	23,143	15,156	16,126	1,019	-0,051	1,603	-5,016	-3,993	0,003	-4,993	8,701	1,735	1,447	1,088	1,272	1,068	1,059	1,072	1,109	-14999,317	-2499,752	-64,571	1,016	0,930	1,638	6,571	0,746	1,874	11,276	42,431	26,898	23,682	26,924	1,059	8,951	106,504	1005,200	-25,013	0,387	0,443	NaN	0,378	0,803	55,687
11:11:33,111	20,351	23,939	23,701	-24,940	23,394	0,502	25,118	23,952	22,841	23,090	22,997	-24,909	22,968	23,874	23,220	23,109	15,176	16,144	1,029	-0,048	1,598	-5,018	-3,989	-0,021	-4,994	8,693	1,731	1,433	1,080	1,258	1,078	1,042	1,065	1,089	-14999,876	-2498,450	-73,511	1,013	0,916	1,621	6,599	0,745	1,879	11,269	42,480	26,919	23,649	26,601	0,961	8,965	106,757	998,539	-25,011	0,383	0,444	NaN	0,375	0,804	56,172
11:11:33,611	20,372	23,958	23,705	-24,966	23,409	0,501	25,231	23,901	22,844	23,117	23,040	-24,915	22,960	23,975	23,233	23,144	15,155	16,172	1,033	-0,014	1,597	-5,018	-3,993	0,007	-4,993	8,715	1,731	1,450	1,066	1,265	1,074	1,050	1,056	1,085	-15001,983	-2499,979	-66,391	0,996	0,897	1,610	6,621	0,756	1,863	11,319	42,462	26,885	23,807	26,721	1,016	8,967	107,299	1003,556	-25,009	0,380	0,440	NaN	0,379	0,801	56,687
11:11:34,094	20,393	23,929	23,758	-24,950	23,440	0,502	25,155	23,906	22,839	23,166	23,027	-24,925	22,954	23,895	23,223	23,124	15,193	16,189	1,012	-0,050	1,592	-5,017	-3,989	-0,034	-4,990	8,711	1,742	1,448	1,084	1,272	1,076	1,024	1,060	1,095	-15000,306	-2499,638	-49,127	1,013	1,012	1,641	6,604	0,771	1,852	11,276	42,487	26,914	23,719	26,738	0,962	8,974	106,781	998,644	-25,009	0,387	0,437	NaN	0,377	0,798	57,187
11:11:34,594	20,386	23,949	23,736	-24,942	23,406	0,501	25,155	23,889	22,841	23,149	23,028	-24,931	22,988	23,913	23,218	23,137	15,191	16,191	1,007	-0,045	1,603	-5,016	-3,992	-0,054	-4,993	8,716	1,751	1,450	1,083	1,273	1,075	1,047	1,069	1,096	-14998,799	-2498,981	-62,367	1,021	0,953	1,664	6,571	0,746	1,863	11,269	42,492	26,935	23,832	26,761	0,969	8,863	106,801	1002,764	-25,007	0,393	0,440	NaN	0,380	0,798	57,672
11:11:35,078	20,401	23,969	23,749	-24,979	23,419	0,502	25,073	23,889	22,849	23,155	23,027	-24,898	22,963	23,947	23,241	23,067	15,135	16,136	1,014	-0,053	1,595	-5,017	-3,992	-0,081	-4,992	8,704	1,741	1,464	1,067	1,253	1,075	1,055	1,073	1,098	-14998,855	-2498,860	-71,326	0,998	0,958	1,656	6,558	0,767	1,869	11,291	42,479	26,933	23,695	26,760	0,972	8,995	106,788	995,319	-25,010	0,391	0,441	NaN	0,377	0,800	58,172
11:11:35,578	20,441	23,980	23,749	-24,918	23,446	0,502	25,076	23,888	22,814	23,094	23,095	-24,881	22,969	23,893	23,179	23,081	15,161	16,169	1,001	-0,051	1,600	-5,017	-3,993	0,015	-4,996	8,711	1,735	1,456	1,088	1,258	1,071	1,036	1,093	1,097	-15000,728	-2499,821	-80,351	1,004	0,913	1,621	6,496	0,768	1,869	11,225	42,453	26,914	23,741	26,772	0,992	8,973	107,504	998,639	-25,012	0,383	0,441	NaN	0,378	0,804	58,672
11:11:36,078	20,395	23,960	23,770	-24,938	23,492	0,502	25,082	23,863	22,841	23,176	23,011	-24,957	22,955	23,875	23,225	23,111	15,165	16,172	1,017	-0,050	1,589	-5,015	-3,989	0,002	-4,995	8,700	1,745	1,458	1,077	1,266	1,067	1,044	1,054	1,090	-15002,673	-2499,342	-80,031	1,017	0,922	1,613	6,629	0,759	1,870	11,252	42,509	26,898	23,704	26,789	0,915	9,035	106,427	999,628	-25,009	0,381	0,441	NaN	0,375	0,800	59,156
11:11:36,578	20,443	23,949	23,743	-24,929	23,426	0,501	25,053	23,864	22,784	23,123	23,061	-24,939	22,960	23,914	23,227	23,123	15,143	16,132	1,012	-0,044	1,604	-5,017	-3,993	-0,003	-4,994	8,711	1,739	1,461	1,084	1,277	1,074	1,036	1,073	1,083	-14998,831	-2499,277	-86,867	1,051	0,982	1,639	6,554	0,760	1,862	11,235	42,593	26,908	23,693	26,675	0,943	9,079	106,036	1005,162	-25,004	0,387	0,440	NaN	0,375	0,806	59,656
11:11:37,047	20,359	23,905	23,744	-24,952	23,428	0,502	25,113	23,895	22,822	23,151	23,004	-24,927	23,017	23,915	23,243	23,109	15,125	16,183	1,014	-0,044	1,600	-5,017	-3,993	-0,029	-4,995	8,706	1,752	1,447	1,085	1,266	1,088	1,042	1,046	1,069	-15002,016	-2499,784	-68,161	1,021	0,954	1,601	6,653	0,772	1,852	11,230	42,484	26,877	23,641	26,650	0,975	8,986	106,530	1002,511	-25,009	0,378	0,437	NaN	0,374	0,807	60,156
