26.01.2022	Weißöl/LuftZeit	TIT-01b	TIT-02a	TIT-02b	TIT-03a	TIT-03b	TIT-04a	TIT-04b	TIT-05	TIT-06	TIT-07	TIT-08	TIT-11	TIT-13	TIT-14	TIT-15	TIT-16	TITC-1	TITC-2	PIT-01	PIT-02	PIT-03a	leer	PIT-04a E+H abs	PIT-04b	PIT-04c	PIT-05	PIT-06	PIT-07	PIT-08	PIT-09	PIT-10	PIT-11	PIT-13	PIT-14	PDI-04 [Pa] 	leer	PDI-01 [Pa]	PIT-03b [Pa]	FIT-001[m³/h]	FIT-002 [m³/h]	FIT-003 [m³/h]	FIT-004 [m³/h]	FIT-005 [m³/h]	LIT-001	LIT-002	LIT-004	TMMP-1	TMMP-2	PMMP-1	PMMP-2	M(MPP)	n(MPP)	LIT(MPP)	M_dot (FIT002) [kg/s]	M_dot (FIT005) [kg/s]	eta_th	eta_vol	alpha	Vestrichene Zeit10:29:04,922	20,267	23,868	23,737	-24,962	23,183	0,500	25,131	23,807	22,723	22,919	22,940	-24,924	22,969	23,789	22,946	22,916	15,187	16,382	1,011	-0,068	1,479	-5,018	-3,990	0,013	-4,994	8,676	1,682	1,519	1,115	1,304	1,098	1,069	1,106	1,135	-15003,126	-2499,290	-68,818	1,032	0,987	2,629	6,108	0,711	2,825	13,225	41,721	26,774	23,658	25,380	0,980	8,989	107,548	998,932	-25,013	0,621	0,667	NaN	0,429	0,698	0,000
10:29:05,407	20,303	23,837	23,708	-24,953	23,119	0,499	25,049	23,788	22,697	22,923	22,983	-24,928	22,990	23,864	22,931	22,962	15,169	16,362	1,014	-0,046	1,476	-5,016	-3,990	-0,004	-4,989	8,675	1,666	1,516	1,105	1,297	1,105	1,083	1,091	1,132	-15001,684	-2499,099	-78,884	1,041	0,950	2,657	6,139	0,712	2,838	13,190	41,703	26,828	23,687	25,489	0,996	9,040	107,002	1004,074	-25,007	0,627	0,670	NaN	0,433	0,695	0,516
10:29:05,922	20,217	23,852	23,704	-24,973	23,218	0,500	25,037	23,792	22,633	22,906	22,919	-24,933	23,022	23,789	22,986	22,993	15,186	16,370	1,008	-0,037	1,480	-5,013	-3,990	-0,039	-4,990	8,667	1,681	1,519	1,099	1,287	1,096	1,070	1,095	1,106	-15000,752	-2499,630	-78,329	1,014	0,755	2,690	6,129	0,705	2,818	13,182	41,691	26,782	23,756	25,608	1,028	9,025	107,121	998,154	-25,005	0,635	0,665	NaN	0,433	0,689	1,000
10:29:06,407	20,270	23,861	23,730	-24,969	23,213	0,502	25,162	23,818	22,682	22,896	22,901	-24,925	22,994	23,808	23,002	22,920	15,211	16,360	1,019	-0,029	1,479	-5,016	-3,990	0,077	-4,993	8,677	1,669	1,510	1,132	1,294	1,106	1,075	1,104	1,116	-15001,473	-2499,622	-57,569	1,017	0,950	2,744	6,081	0,728	2,825	13,231	41,732	26,740	23,606	25,252	1,039	8,971	107,317	1003,559	-25,007	0,648	0,667	NaN	0,431	0,694	1,516
10:29:06,938	20,275	23,851	23,727	-24,920	23,188	0,501	25,049	23,846	22,614	22,921	22,932	-24,890	22,959	23,796	22,935	22,936	15,199	16,376	1,009	-0,047	1,482	-5,016	-3,992	-0,006	-4,995	8,678	1,685	1,501	1,117	1,291	1,098	1,066	1,101	1,114	-15000,087	-2499,411	-45,675	1,029	1,000	2,694	6,097	0,702	2,830	13,190	41,659	26,796	23,631	25,494	0,990	8,967	107,321	999,981	-25,010	0,636	0,668	NaN	0,427	0,697	2,000
10:29:07,391	20,260	23,861	23,664	-24,943	23,198	0,501	24,959	23,814	22,648	22,891	22,934	-24,910	22,982	23,803	22,988	22,951	15,159	16,352	1,008	-0,028	1,479	-5,016	-3,985	-0,058	-4,993	8,691	1,676	1,509	1,097	1,282	1,100	1,069	1,106	1,123	-15000,436	-2499,513	-68,336	1,069	0,975	2,644	6,074	0,699	2,817	13,180	41,718	26,839	23,616	25,407	1,029	8,985	106,940	1004,346	-25,008	0,624	0,665	NaN	0,429	0,701	2,531
10:29:07,922	20,280	23,818	23,681	-24,961	23,235	0,500	25,007	23,836	22,591	22,906	22,876	-24,903	22,983	23,862	22,994	22,938	15,205	16,291	1,010	-0,062	1,486	-5,016	-3,994	-0,000	-4,991	8,689	1,685	1,498	1,117	1,299	1,106	1,059	1,094	1,112	-15001,749	-2499,391	-72,060	1,026	0,908	2,615	6,120	0,703	2,826	13,168	41,713	26,835	23,642	25,394	0,930	8,963	107,305	994,939	-25,010	0,617	0,667	NaN	0,429	0,695	2,985
10:29:08,407	20,268	23,864	23,656	-24,901	23,213	0,500	25,042	23,813	22,660	22,877	22,893	-25,042	22,993	23,789	22,961	22,962	15,230	16,364	1,011	-0,071	1,471	-5,016	-3,989	0,041	-4,989	8,684	1,674	1,512	1,119	1,287	1,101	1,079	1,099	1,122	-15000,136	-2499,152	-71,999	1,030	0,959	2,674	6,095	0,692	2,823	13,184	41,730	26,829	23,678	25,417	0,956	9,019	107,032	1004,494	-25,022	0,631	0,667	NaN	0,428	0,697	3,516
10:29:08,922	20,289	23,857	23,592	-24,941	23,289	0,501	25,062	23,858	22,677	22,818	22,887	-24,861	22,971	23,812	22,990	22,999	15,189	16,373	1,013	-0,041	1,486	-5,015	-3,988	-0,205	-4,993	8,679	1,685	1,532	1,113	1,282	1,089	1,073	1,104	1,126	-15000,501	-2500,701	-85,352	1,047	0,936	2,650	6,082	0,693	2,833	13,234	41,798	26,792	23,643	25,331	0,958	9,026	107,243	1000,102	-25,008	0,626	0,669	NaN	0,428	0,695	4,000
10:29:09,282	20,335	23,794	23,626	-24,955	23,138	0,500	25,056	23,883	22,684	22,868	22,909	-24,921	23,003	23,849	22,974	23,036	15,203	16,364	1,020	-0,050	1,485	-5,015	-3,992	-0,017	-4,991	8,691	1,670	1,528	1,115	1,281	1,090	1,075	1,107	1,118	-15003,078	-2499,590	-67,894	1,050	1,020	2,671	6,078	0,694	2,827	13,210	41,735	26,730	23,713	25,513	1,128	8,985	106,952	1004,645	-25,012	0,631	0,667	NaN	0,430	0,695	4,531
10:29:09,797	20,326	23,822	23,548	-24,969	23,205	0,501	24,857	23,860	22,735	22,985	22,911	-24,964	22,986	23,844	22,951	23,010	15,168	16,362	1,001	-0,036	1,484	-5,018	-3,995	0,025	-4,993	8,684	1,687	1,510	1,110	1,295	1,093	1,068	1,112	1,123	-14999,512	-2498,990	-53,921	1,035	0,914	2,658	6,046	0,689	2,832	13,199	41,733	26,810	23,639	25,457	0,950	9,037	107,818	995,373	-25,008	0,628	0,669	NaN	0,424	0,700	4,875
10:29:10,282	20,262	23,828	23,555	-24,941	23,267	0,502	24,967	23,820	22,725	22,977	22,904	-24,932	22,981	23,848	22,808	22,965	15,195	16,360	1,015	-0,041	1,489	-5,014	-3,996	0,026	-4,993	8,677	1,694	1,525	1,118	1,297	1,125	1,048	1,098	1,124	-14999,495	-2499,521	-53,905	1,023	0,898	2,615	6,093	0,692	2,801	13,177	41,750	26,788	23,681	25,568	0,988	8,999	106,319	1003,397	-25,009	0,617	0,661	NaN	0,426	0,696	5,391
10:29:10,813	20,248	23,822	23,642	-24,933	23,240	0,500	25,134	23,833	22,800	22,956	22,895	-24,938	22,940	23,888	22,962	22,931	15,132	16,326	1,014	-0,043	1,484	-5,017	-3,993	-0,040	-4,993	8,671	1,674	1,502	1,129	1,297	1,108	1,066	1,116	1,102	-15000,905	-2499,326	-54,120	1,059	0,926	2,634	6,029	0,712	2,821	13,221	41,696	26,841	23,516	25,399	1,028	9,010	106,632	1002,689	-25,007	0,622	0,666	NaN	0,426	0,696	5,875
10:29:11,297	20,261	23,834	23,591	-24,992	23,190	0,500	25,057	23,885	22,802	22,906	22,912	-24,916	22,951	23,831	22,935	22,926	15,175	16,333	1,003	-0,048	1,480	-5,018	-3,992	0,020	-4,995	8,679	1,683	1,510	1,121	1,279	1,112	1,062	1,099	1,111	-15001,740	-2499,910	-70,597	1,040	1,043	2,652	6,078	0,683	2,810	13,176	41,717	26,810	23,671	25,510	0,978	8,983	107,389	1003,944	-25,009	0,626	0,663	NaN	0,431	0,691	6,406
10:29:11,828	20,273	23,822	23,552	-24,952	23,102	0,500	25,012	23,870	22,778	22,951	22,897	-24,926	22,970	23,824	22,921	22,946	15,204	16,386	1,020	-0,056	1,466	-5,019	-3,991	-0,017	-4,989	8,682	1,669	1,528	1,108	1,296	1,118	1,064	1,091	1,110	-15002,681	-2499,302	-77,749	1,044	0,956	2,723	6,082	0,698	2,819	13,236	41,741	26,846	23,534	25,411	0,899	9,003	106,491	1004,879	-25,008	0,643	0,666	NaN	0,428	0,694	6,906
10:29:12,141	20,284	23,819	23,592	-24,962	23,149	0,501	25,081	23,863	22,764	22,989	22,910	-24,850	22,979	23,889	22,996	22,900	15,198	16,360	1,009	-0,047	1,480	-5,016	-3,992	-0,003	-4,996	8,675	1,675	1,533	1,101	1,283	1,092	1,062	1,095	1,123	-15001,440	-2499,099	-82,073	1,031	0,877	2,679	6,077	0,682	2,803	13,175	41,670	26,916	23,758	25,447	1,110	9,012	107,793	1001,670	-25,009	0,632	0,662	NaN	0,424	0,696	7,422
10:29:12,672	20,282	23,858	23,556	-24,961	23,177	0,502	25,017	23,853	22,753	22,947	22,891	-24,898	22,971	23,809	22,972	22,898	15,171	16,334	1,004	-0,055	1,488	-5,020	-3,994	-0,015	-4,994	8,666	1,684	1,521	1,101	1,307	1,132	1,068	1,102	1,122	-15001,830	-2499,281	-76,631	1,038	0,963	2,640	6,052	0,712	2,814	13,202	41,673	26,866	23,613	25,499	1,006	9,002	107,049	1004,343	-25,010	0,623	0,664	NaN	0,427	0,697	7,750
10:29:13,172	20,259	23,829	23,572	-24,934	23,125	0,500	25,044	23,853	22,753	22,985	22,912	-24,926	23,008	23,832	22,988	22,887	15,203	16,335	1,010	-0,044	1,480	-5,016	-3,992	-0,024	-4,995	8,670	1,683	1,516	1,112	1,294	1,109	1,073	1,098	1,129	-15000,420	-2499,894	-79,994	1,041	0,906	2,643	6,073	0,698	2,801	13,204	41,673	26,821	23,575	25,399	0,995	9,113	106,793	1001,420	-25,011	0,624	0,661	NaN	0,427	0,695	8,281
10:29:13,657	20,258	23,807	23,538	-24,982	23,241	0,501	25,061	23,876	22,707	22,960	22,881	-24,910	22,991	23,801	22,934	22,909	15,213	16,354	1,020	-0,044	1,488	-5,017	-3,995	-0,022	-4,993	8,678	1,672	1,515	1,119	1,296	1,108	1,071	1,086	1,118	-15001,384	-2499,294	-55,615	1,043	0,959	2,681	6,106	0,710	2,810	13,191	41,705	26,838	23,620	25,340	1,001	8,916	107,227	1004,419	-25,004	0,633	0,663	NaN	0,429	0,695	8,766
10:29:14,141	20,222	23,849	23,538	-24,973	23,216	0,500	25,071	23,876	22,727	22,957	22,885	-24,937	22,952	23,812	22,987	22,918	15,195	16,409	1,016	-0,046	1,477	-5,017	-3,993	-0,033	-4,993	8,700	1,678	1,531	1,107	1,309	1,097	1,077	1,086	1,128	-15000,209	-2499,650	-54,108	1,045	0,894	2,681	6,112	0,705	2,817	13,179	41,650	26,748	23,560	25,435	1,069	8,979	106,589	1001,476	-25,012	0,633	0,665	NaN	0,430	0,690	9,266
10:29:14,657	20,298	23,812	23,510	-24,959	23,220	0,500	25,068	23,846	22,726	22,925	22,900	-24,939	22,972	23,820	23,075	22,927	15,192	16,387	1,000	-0,053	1,486	-5,016	-3,989	0,001	-4,992	8,681	1,684	1,526	1,096	1,299	1,118	1,068	1,113	1,123	-15000,104	-2499,359	-65,608	1,052	1,040	2,718	6,046	0,700	2,811	13,200	41,669	26,802	23,671	25,399	0,973	9,004	107,750	1002,869	-25,011	0,642	0,664	NaN	0,431	0,691	9,735
10:29:15,157	20,240	23,814	23,535	-24,942	23,221	0,501	25,084	23,865	22,707	22,909	22,958	-24,924	22,966	23,804	22,958	22,952	15,178	16,400	1,012	-0,046	1,486	-5,018	-3,991	-0,043	-4,994	8,686	1,677	1,512	1,114	1,300	1,119	1,076	1,105	1,114	-15001,287	-2499,237	-77,364	1,051	0,939	2,705	6,062	0,711	2,815	13,172	41,712	26,808	23,795	25,448	1,006	8,981	107,226	998,825	-25,010	0,639	0,665	NaN	0,427	0,698	10,250
10:29:15,672	20,326	23,810	23,611	-24,955	23,229	0,499	25,043	23,883	22,714	22,881	22,904	-24,895	22,975	23,849	22,991	22,972	15,244	16,343	1,012	-0,048	1,472	-5,018	-3,996	0,022	-4,993	8,678	1,665	1,516	1,110	1,313	1,120	1,073	1,099	1,119	-15001,772	-2500,838	-73,421	1,034	0,835	2,634	6,094	0,699	2,821	13,123	41,672	26,868	23,584	25,587	0,968	8,998	107,134	1004,260	-25,007	0,622	0,666	NaN	0,428	0,699	10,766
10:29:16,172	20,268	23,844	23,554	-25,008	23,201	0,500	25,085	23,869	22,709	22,912	22,941	-24,979	22,972	23,842	22,982	22,925	15,147	16,366	1,008	-0,049	1,480	-5,017	-3,991	-0,103	-4,993	8,676	1,669	1,520	1,111	1,307	1,092	1,060	1,102	1,134	-15000,411	-2499,801	-53,524	1,076	0,961	2,624	6,091	0,700	2,813	13,176	41,738	26,796	23,529	25,455	0,976	8,985	107,211	999,407	-25,005	0,620	0,664	NaN	0,428	0,698	11,281
10:29:16,703	20,244	23,810	23,623	-24,910	23,274	0,502	24,999	23,893	22,713	22,916	22,929	-24,910	23,011	23,826	23,040	22,936	15,206	16,375	1,006	-0,057	1,475	-5,018	-3,993	-0,009	-4,992	8,675	1,681	1,513	1,111	1,286	1,117	1,067	1,092	1,120	-15002,583	-2498,325	-56,815	1,056	0,982	2,652	6,132	0,707	2,804	13,227	41,610	26,800	23,600	25,364	1,014	8,999	106,786	1004,279	-25,008	0,626	0,662	NaN	0,430	0,696	11,766
10:29:17,203	20,301	23,809	23,607	-24,953	23,239	0,500	25,107	23,852	22,690	22,912	22,913	-24,952	22,961	23,818	22,982	22,944	15,211	16,399	1,005	-0,056	1,484	-5,016	-3,993	-0,042	-4,993	8,689	1,677	1,526	1,110	1,298	1,101	1,069	1,094	1,123	-14999,561	-2499,638	-67,529	1,047	0,942	2,670	6,107	0,689	2,809	13,178	41,647	26,815	23,648	25,342	0,989	9,027	107,609	997,898	-25,013	0,630	0,663	NaN	0,430	0,691	12,297
10:29:17,736	20,245	23,814	23,618	-24,964	23,243	0,499	24,932	23,841	22,679	22,882	22,953	-24,815	22,986	23,846	22,987	22,994	15,201	16,381	1,015	-0,053	1,481	-5,015	-3,991	0,097	-4,994	8,682	1,681	1,518	1,119	1,298	1,110	1,081	1,100	1,122	-15000,022	-2498,856	-81,838	1,055	1,019	2,717	6,090	0,693	2,806	13,204	41,657	26,854	23,549	25,396	0,975	8,943	107,443	1004,505	-25,006	0,642	0,662	NaN	0,436	0,690	12,797
10:29:18,236	20,273	23,847	23,631	-24,917	23,391	0,500	25,010	23,835	22,697	22,897	22,965	-24,925	23,011	23,857	22,996	22,957	15,239	16,367	0,997	-0,029	1,470	-5,018	-3,988	0,023	-4,991	8,683	1,684	1,519	1,110	1,307	1,102	1,076	1,118	1,108	-15001,392	-2498,260	-63,724	1,015	0,970	2,719	6,041	0,683	2,805	13,207	41,751	26,863	23,629	25,403	1,020	9,005	107,520	995,793	-25,009	0,642	0,662	NaN	0,431	0,691	13,328
10:29:18,797	20,309	23,849	23,597	-24,978	23,236	0,501	25,016	23,843	22,702	22,944	22,953	-24,856	22,970	23,841	22,930	23,015	15,204	16,363	1,005	-0,045	1,481	-5,016	-3,990	-0,076	-4,993	8,676	1,684	1,525	1,111	1,296	1,093	1,073	1,102	1,112	-15002,219	-2499,132	-62,063	1,007	0,877	2,720	6,089	0,694	2,803	13,225	41,666	26,874	23,431	25,370	0,962	8,991	107,538	1004,405	-25,013	0,642	0,662	NaN	0,430	0,695	13,922
10:29:19,297	20,270	23,859	23,683	-24,930	23,203	0,501	24,965	23,868	22,706	22,913	22,957	-24,902	22,961	23,829	22,937	22,945	15,194	16,357	1,015	-0,059	1,477	-5,016	-3,988	-0,084	-4,992	8,682	1,688	1,516	1,114	1,303	1,099	1,069	1,110	1,106	-15000,792	-2499,192	-76,181	1,029	0,929	2,658	6,060	0,697	2,814	13,210	41,700	26,852	23,609	25,424	1,100	8,990	107,082	998,054	-25,009	0,628	0,664	NaN	0,427	0,696	14,391
10:29:19,813	20,282	23,827	23,602	-24,925	23,117	0,501	25,131	23,834	22,712	23,001	22,928	-24,914	22,977	23,806	22,910	22,962	15,195	16,394	0,997	-0,037	1,476	-5,016	-3,992	-0,010	-4,992	8,677	1,689	1,513	1,109	1,298	1,103	1,062	1,121	1,131	-15002,430	-2499,877	-79,674	1,026	0,925	2,636	6,044	0,690	2,805	13,233	41,730	26,845	23,608	25,372	0,961	8,984	107,083	1005,184	-25,013	0,622	0,662	NaN	0,429	0,698	14,891
10:29:20,313	20,319	23,850	23,600	-24,923	23,233	0,500	25,012	23,878	22,699	22,983	22,930	-24,918	22,961	23,790	23,007	23,005	15,132	16,371	0,991	-0,055	1,477	-5,015	-3,990	0,043	-4,993	8,673	1,694	1,524	1,110	1,311	1,096	1,085	1,091	1,122	-14999,553	-2499,419	-83,062	1,023	0,962	2,647	6,128	0,723	2,817	13,190	41,751	26,795	23,639	25,210	1,000	8,941	106,990	1001,549	-24,995	0,625	0,665	NaN	0,431	0,692	15,406
10:29:20,828	20,275	23,874	23,591	-24,943	23,237	0,500	25,085	23,890	22,703	22,959	22,948	-24,918	22,953	23,800	22,985	22,902	15,205	16,339	1,008	-0,061	1,485	-5,017	-3,995	-0,037	-4,996	8,691	1,697	1,504	1,118	1,305	1,105	1,075	1,101	1,109	-15002,867	-2499,545	-86,340	1,069	0,777	2,713	6,090	0,726	2,798	13,196	41,721	26,768	23,607	25,388	0,933	9,042	107,955	1002,039	-25,005	0,640	0,661	NaN	0,432	0,693	15,906
10:29:21,188	20,328	23,877	23,614	-24,905	23,257	0,501	25,075	23,859	22,715	23,021	22,990	-24,898	23,032	23,759	22,966	22,950	15,218	16,361	1,010	-0,051	1,485	-5,017	-3,991	-0,032	-4,994	8,684	1,675	1,513	1,113	1,288	1,114	1,073	1,108	1,107	-15003,612	-2499,184	-72,352	1,031	0,934	2,694	6,073	0,720	2,807	13,228	41,726	26,789	23,520	25,325	0,983	9,004	107,301	996,567	-25,007	0,636	0,663	NaN	0,429	0,695	16,422
10:29:21,703	20,345	23,852	23,583	-24,934	23,232	0,501	25,145	23,857	22,765	22,955	22,963	-24,854	22,994	23,804	22,978	22,978	15,166	16,389	1,007	-0,050	1,476	-5,017	-3,991	-0,065	-4,993	8,667	1,688	1,504	1,115	1,292	1,106	1,069	1,102	1,116	-15003,078	-2500,676	-59,246	1,026	0,940	2,667	6,090	0,728	2,804	13,195	41,681	26,801	23,530	25,408	1,001	9,021	107,021	1004,359	-25,011	0,630	0,662	NaN	0,428	0,697	16,781
10:29:22,188	20,317	23,836	23,602	-24,952	23,263	0,499	25,137	23,871	22,706	22,936	22,963	-24,882	22,954	23,763	23,021	22,943	15,230	16,321	1,007	-0,070	1,484	-5,017	-3,988	0,030	-4,993	8,682	1,676	1,511	1,111	1,275	1,106	1,074	1,092	1,115	-15000,241	-2499,857	-56,337	1,033	0,976	2,667	6,136	0,737	2,791	13,173	41,672	26,798	23,619	25,388	1,130	8,959	106,354	1005,270	-25,011	0,630	0,659	NaN	0,430	0,693	17,297
10:29:22,703	20,322	23,840	23,580	-24,946	23,215	0,501	25,037	23,899	22,754	22,956	22,938	-24,885	23,014	23,783	23,002	22,959	15,194	16,381	1,005	-0,049	1,481	-5,015	-3,988	0,018	-4,992	8,682	1,675	1,505	1,105	1,303	1,114	1,073	1,107	1,130	-15001,644	-2499,788	-57,439	1,047	1,078	2,696	6,092	0,714	2,798	13,245	41,698	26,818	23,770	25,311	0,972	8,856	106,469	1005,876	-25,012	0,637	0,661	NaN	0,432	0,691	17,781
10:29:23,172	20,306	23,914	23,593	-24,947	23,294	0,501	24,883	23,866	22,720	22,958	22,950	-24,858	22,960	23,811	23,007	22,955	15,190	16,380	1,021	-0,038	1,479	-5,016	-3,986	0,011	-4,993	8,685	1,675	1,504	1,101	1,294	1,110	1,066	1,104	1,121	-15000,720	-2499,614	-65,856	1,041	0,901	2,723	6,100	0,718	2,795	13,227	41,634	26,771	23,559	25,316	0,994	8,997	106,936	1004,979	-25,013	0,643	0,660	NaN	0,431	0,696	18,297
10:29:23,703	20,332	23,854	23,622	-24,944	23,453	0,501	25,042	23,884	22,729	22,966	22,910	-24,932	23,003	23,729	23,047	22,926	15,169	16,352	1,014	-0,036	1,486	-5,016	-3,993	0,008	-4,989	8,681	1,692	1,494	1,126	1,292	1,099	1,069	1,101	1,115	-14999,730	-2499,699	-77,972	1,056	0,960	2,681	6,129	0,691	2,795	13,216	41,778	26,804	23,686	25,330	1,019	9,043	107,884	1001,953	-25,008	0,633	0,660	NaN	0,428	0,702	18,781
10:29:24,282	20,359	23,865	23,559	-24,941	23,251	0,501	25,040	23,843	22,741	22,975	23,018	-24,914	22,991	23,754	23,015	22,877	15,212	16,404	1,014	-0,047	1,475	-5,017	-3,989	-0,124	-4,992	8,684	1,690	1,478	1,105	1,297	1,098	1,070	1,106	1,118	-15000,322	-2499,521	-73,584	1,046	0,941	2,608	6,138	0,723	2,795	13,209	41,713	26,847	23,578	25,474	0,981	9,023	107,279	1004,006	-25,005	0,616	0,660	NaN	0,428	0,707	19,313
10:29:24,828	20,345	23,848	23,600	-24,976	23,199	0,499	24,988	23,897	22,752	22,925	22,906	-24,901	22,996	23,810	23,031	22,969	15,181	16,326	1,005	-0,048	1,475	-5,015	-3,995	0,028	-4,991	8,690	1,686	1,499	1,112	1,298	1,104	1,073	1,097	1,114	-15000,784	-2499,987	-55,680	1,016	0,895	2,557	6,176	0,694	2,799	13,165	41,688	26,780	23,572	25,314	0,996	8,961	107,720	999,539	-25,008	0,604	0,661	NaN	0,425	0,706	19,875
10:29:25,438	20,323	23,816	23,630	-24,978	23,272	0,498	24,966	23,928	22,776	22,977	22,930	-24,855	22,986	23,817	23,014	23,000	15,151	16,364	0,998	-0,051	1,481	-5,017	-3,995	-0,105	-4,993	8,680	1,672	1,507	1,113	1,303	1,098	1,070	1,105	1,143	-15002,607	-2499,829	-70,743	1,051	1,015	2,558	6,150	0,701	2,802	13,217	41,699	26,839	23,543	25,328	1,000	8,981	106,558	1004,381	-25,010	0,604	0,662	NaN	0,426	0,706	20,547
10:29:26,000	20,347	23,809	23,621	-24,946	23,260	0,499	25,032	23,896	22,761	22,952	22,975	-24,985	23,015	23,780	23,007	22,909	15,217	16,356	1,005	-0,045	1,484	-5,017	-3,995	-0,032	-4,992	8,691	1,675	1,528	1,105	1,290	1,128	1,060	1,094	1,122	-15001,992	-2499,091	-67,258	1,026	0,969	2,570	6,173	0,703	2,801	13,217	41,783	26,767	23,543	25,432	0,966	8,972	106,932	1002,010	-25,013	0,607	0,661	NaN	0,432	0,698	21,031
10:29:26,469	20,311	23,834	23,636	-24,967	23,229	0,501	24,944	23,888	22,784	22,986	22,986	-24,880	22,968	23,775	22,968	22,933	15,188	16,333	1,003	-0,052	1,481	-5,015	-3,995	-0,001	-4,994	8,677	1,681	1,514	1,108	1,293	1,110	1,070	1,077	1,116	-15000,784	-2499,930	-73,511	1,061	0,946	2,674	6,184	0,704	2,808	13,222	41,669	26,785	23,549	25,376	1,004	8,969	107,600	997,450	-25,014	0,631	0,663	NaN	0,428	0,693	21,594
10:29:26,986	20,340	23,862	23,653	-24,972	23,269	0,501	25,182	23,872	22,758	22,936	22,935	-24,912	22,982	23,816	23,139	22,928	15,193	16,336	0,996	-0,045	1,489	-5,017	-3,994	0,066	-4,993	8,683	1,690	1,498	1,120	1,294	1,115	1,072	1,096	1,126	-15001,757	-2499,853	-70,208	1,035	0,894	2,695	6,081	0,722	2,801	13,221	41,753	26,822	23,792	25,380	0,998	9,003	107,399	1003,090	-25,005	0,636	0,661	NaN	0,428	0,695	22,063
10:29:27,469	20,286	23,820	23,614	-24,962	23,143	0,500	25,128	23,885	22,733	22,960	22,964	-24,977	23,010	23,789	22,992	22,979	15,198	16,379	1,013	-0,026	1,482	-5,017	-3,992	-0,071	-4,991	8,678	1,678	1,515	1,101	1,281	1,108	1,070	1,104	1,129	-15002,843	-2499,265	-84,160	1,034	0,932	2,652	6,051	0,722	2,803	13,173	41,737	26,839	23,578	25,373	1,002	8,995	107,152	998,186	-25,008	0,626	0,662	NaN	0,429	0,696	22,578
10:29:27,986	20,302	23,832	23,614	-25,022	23,248	0,501	25,137	23,906	22,759	22,946	22,971	-24,970	22,961	23,759	22,943	22,982	15,174	16,374	1,000	-0,044	1,475	-5,018	-3,991	-0,048	-4,993	8,686	1,675	1,526	1,109	1,300	1,105	1,050	1,097	1,122	-15002,737	-2498,880	-80,744	1,017	0,936	2,655	6,068	0,724	2,793	13,228	41,620	26,784	23,710	25,290	0,997	9,067	107,319	997,561	-25,006	0,627	0,659	NaN	0,429	0,694	23,063
10:29:28,469	20,339	23,847	23,627	-24,911	23,232	0,500	25,043	23,884	22,697	22,944	22,942	-24,973	22,975	23,769	22,961	22,964	15,176	16,355	0,997	-0,053	1,488	-5,018	-3,990	-0,082	-4,993	8,674	1,673	1,523	1,124	1,307	1,110	1,074	1,096	1,109	-15001,691	-2499,634	-79,492	1,033	0,790	2,676	6,069	0,711	2,797	13,247	41,709	26,774	23,535	25,269	0,994	9,065	107,457	997,437	-25,013	0,632	0,660	NaN	0,430	0,692	23,594
10:29:28,986	20,338	23,804	23,603	-24,958	23,297	0,501	24,942	23,920	22,759	22,976	22,926	-24,871	22,955	23,808	22,945	22,963	15,207	16,358	1,025	-0,080	1,479	-5,018	-3,993	0,021	-4,995	8,681	1,697	1,521	1,114	1,290	1,114	1,070	1,101	1,101	-15001,627	-2500,177	-81,036	1,022	0,842	2,694	6,047	0,721	2,804	13,207	41,730	26,791	23,499	25,309	1,020	9,017	107,895	998,218	-25,015	0,636	0,662	NaN	0,428	0,690	24,063
10:29:29,486	20,316	23,789	23,618	-24,956	23,362	0,501	25,027	23,860	22,754	23,001	22,970	-24,914	22,984	23,841	22,894	22,961	15,193	16,350	0,996	-0,043	1,477	-5,017	-3,988	0,000	-4,993	8,676	1,663	1,521	1,110	1,302	1,115	1,066	1,115	1,121	-15000,436	-2498,738	-75,800	1,061	0,924	2,698	5,997	0,745	2,798	13,204	41,688	26,796	23,719	25,368	0,976	9,004	106,601	1003,829	-25,010	0,637	0,661	NaN	0,435	0,682	24,594
10:29:30,016	20,344	23,822	23,614	-24,942	23,191	0,502	24,955	23,832	22,730	22,971	22,875	-24,914	22,980	23,809	22,895	22,927	15,195	16,374	0,999	-0,047	1,467	-5,016	-3,990	-0,000	-4,990	8,683	1,666	1,521	1,114	1,293	1,107	1,078	1,107	1,122	-15002,170	-2499,383	-83,017	1,053	0,967	2,799	6,012	0,759	2,800	13,152	41,659	26,860	23,624	25,356	0,984	9,029	106,889	1001,716	-25,010	0,661	0,661	NaN	0,432	0,684	25,094
10:29:30,500	20,380	23,844	23,573	-24,958	23,349	0,501	24,970	23,835	22,772	22,963	22,954	-24,913	22,987	23,782	22,877	22,912	15,177	16,382	1,020	-0,040	1,494	-5,016	-3,992	0,022	-4,992	8,684	1,677	1,512	1,123	1,290	1,109	1,067	1,080	1,125	-15000,971	-2499,667	-67,959	1,055	1,056	2,808	6,090	0,746	2,793	13,145	41,727	26,756	23,642	25,302	1,002	8,989	106,162	1003,026	-25,015	0,663	0,659	NaN	0,432	0,689	25,610
10:29:31,000	20,347	23,874	23,614	-24,956	23,308	0,500	25,122	23,856	22,758	22,956	22,945	-24,935	22,976	23,831	22,839	22,943	15,203	16,330	1,011	-0,040	1,467	-5,019	-3,988	-0,061	-4,993	8,679	1,667	1,506	1,118	1,288	1,114	1,065	1,098	1,133	-15001,983	-2498,905	-51,255	1,052	0,901	2,737	6,067	0,718	2,798	13,227	41,691	26,829	23,598	25,422	1,016	8,931	106,242	1004,470	-25,008	0,646	0,661	NaN	0,427	0,699	26,094
10:29:31,500	20,328	23,824	23,615	-24,971	23,270	0,501	25,025	23,786	22,733	22,981	22,922	-24,908	23,002	23,816	22,889	22,947	15,214	16,386	1,009	-0,057	1,479	-5,017	-3,993	-0,001	-4,994	8,694	1,669	1,514	1,111	1,300	1,105	1,066	1,104	1,118	-15000,865	-2499,788	-59,737	1,066	0,935	2,629	6,096	0,709	2,809	13,252	41,666	26,829	23,607	25,390	1,026	8,985	106,701	1004,152	-25,011	0,621	0,663	NaN	0,428	0,698	26,610
10:29:32,032	20,314	23,807	23,605	-24,950	23,166	0,501	25,054	23,825	22,753	22,934	22,965	-24,951	22,991	23,822	22,858	22,940	15,183	16,356	1,004	-0,048	1,479	-5,018	-3,991	-0,028	-4,992	8,682	1,672	1,518	1,119	1,282	1,104	1,073	1,098	1,136	-15002,559	-2500,040	-79,772	1,042	0,876	2,641	6,099	0,704	2,813	13,204	41,765	26,783	23,624	25,415	1,017	8,990	107,597	1000,627	-25,011	0,624	0,664	NaN	0,429	0,692	27,110
10:29:32,516	20,314	23,831	23,660	-24,935	23,348	0,501	25,015	23,830	22,738	22,974	22,902	-24,924	23,044	23,820	22,840	22,956	15,160	16,382	1,008	-0,054	1,469	-5,018	-3,993	-0,002	-4,995	8,657	1,663	1,523	1,105	1,300	1,112	1,080	1,106	1,150	-15002,673	-2499,541	-84,371	1,027	1,028	2,694	6,056	0,716	2,801	13,178	41,737	26,762	23,706	25,605	0,960	8,946	107,227	1005,170	-25,008	0,636	0,661	NaN	0,432	0,692	27,625
10:29:33,016	20,371	23,854	23,607	-24,951	23,314	0,502	25,019	23,805	22,741	23,012	22,971	-24,917	23,022	23,842	22,953	22,988	15,209	16,343	1,019	-0,034	1,481	-5,016	-3,993	-0,018	-4,992	8,695	1,681	1,530	1,120	1,293	1,101	1,071	1,082	1,118	-15002,770	-2499,444	-69,730	1,051	1,000	2,724	6,110	0,742	2,804	13,190	41,742	26,779	23,739	25,450	1,067	8,997	107,705	998,738	-25,009	0,643	0,662	NaN	0,429	0,687	28,110
10:29:33,500	20,374	23,778	23,630	-24,937	23,292	0,499	25,055	23,778	22,741	22,964	22,975	-24,929	22,999	23,855	22,888	22,948	15,213	16,364	1,000	-0,035	1,481	-5,015	-3,994	-0,010	-4,994	8,685	1,674	1,506	1,097	1,309	1,110	1,054	1,114	1,102	-15002,073	-2499,367	-52,993	1,021	1,009	2,728	5,994	0,740	2,809	13,199	41,700	26,796	23,739	25,354	0,992	9,069	107,659	1002,605	-25,009	0,644	0,663	NaN	0,433	0,685	28,610
10:29:34,032	20,323	23,824	23,631	-24,955	23,480	0,501	25,043	23,815	22,738	22,940	22,947	-24,961	22,964	23,838	23,064	22,938	15,200	16,369	0,992	-0,044	1,484	-5,017	-3,998	-0,012	-4,996	8,689	1,678	1,503	1,099	1,298	1,114	1,069	1,124	1,121	-15000,695	-2499,196	-52,292	1,036	0,985	2,734	5,958	0,721	2,803	13,208	41,733	26,823	23,663	25,323	0,971	9,004	108,167	993,422	-25,007	0,646	0,662	NaN	0,431	0,690	29,110
10:29:34,500	20,353	23,819	23,591	-24,932	23,287	0,501	24,968	23,855	22,770	22,958	22,971	-24,950	22,945	23,807	22,968	22,922	15,165	16,347	1,016	-0,050	1,470	-5,017	-3,993	-0,003	-4,993	8,693	1,686	1,508	1,094	1,306	1,109	1,064	1,090	1,126	-14999,561	-2499,281	-59,789	1,069	0,959	2,718	6,055	0,713	2,803	13,205	41,646	26,761	23,590	25,333	1,013	8,942	107,192	1000,250	-25,006	0,642	0,662	NaN	0,434	0,692	29,625
10:29:35,016	20,339	23,836	23,591	-24,982	23,290	0,499	25,117	23,847	22,746	22,946	22,936	-24,956	23,005	23,869	22,991	22,957	15,162	16,358	1,014	-0,049	1,479	-5,017	-3,990	0,153	-4,992	8,694	1,679	1,514	1,114	1,296	1,111	1,068	1,082	1,121	-15001,359	-2499,740	-73,296	1,011	0,913	2,722	6,115	0,725	2,795	13,251	41,694	26,812	23,597	25,439	1,001	8,986	107,917	993,880	-25,014	0,643	0,660	NaN	0,427	0,697	30,094
10:29:35,500	20,373	23,827	23,578	-24,961	23,504	0,501	25,039	23,825	22,763	23,060	22,973	-24,931	23,002	23,868	23,025	22,938	15,228	16,355	1,001	-0,047	1,475	-5,018	-3,993	-0,039	-4,993	8,673	1,680	1,503	1,129	1,304	1,120	1,074	1,106	1,113	-15002,511	-2499,269	-91,754	1,029	0,946	2,641	6,068	0,724	2,797	13,207	41,685	26,822	23,637	25,328	0,907	8,981	106,267	1004,268	-25,010	0,624	0,660	NaN	0,433	0,696	30,625
10:29:36,032	20,351	23,767	23,583	-24,964	23,288	0,502	25,087	23,844	22,723	22,988	22,921	-25,026	22,984	23,871	23,024	23,003	15,204	16,360	1,004	-0,067	1,485	-5,017	-3,988	-0,018	-4,991	8,693	1,683	1,512	1,101	1,308	1,104	1,060	1,092	1,148	-15001,562	-2500,093	-80,882	1,020	0,893	2,684	6,140	0,724	2,798	13,186	41,719	26,804	23,624	25,254	1,030	8,996	106,803	995,146	-25,010	0,634	0,661	NaN	0,427	0,698	31,094
10:29:36,532	20,337	23,811	23,616	-24,960	23,246	0,499	25,096	23,843	22,705	23,008	22,985	-24,924	23,018	23,847	23,031	23,006	15,222	16,363	1,000	-0,037	1,488	-5,017	-3,992	-0,014	-4,994	8,686	1,689	1,505	1,102	1,299	1,109	1,070	1,094	1,119	-15000,687	-2499,646	-86,693	1,054	0,968	2,651	6,133	0,731	2,807	13,204	41,717	26,763	23,846	25,373	1,028	9,000	106,971	1004,265	-25,009	0,626	0,663	NaN	0,433	0,694	31,641
10:29:36,986	20,302	23,830	23,624	-25,005	23,274	0,501	25,080	23,856	22,727	23,031	22,938	-24,921	22,934	23,829	23,017	22,956	15,207	16,335	1,012	-0,046	1,475	-5,015	-3,993	-0,169	-4,992	8,690	1,699	1,525	1,112	1,284	1,114	1,060	1,102	1,111	-15001,684	-2499,541	-69,778	1,033	0,981	2,692	6,117	0,732	2,801	13,184	41,707	26,818	23,747	25,414	1,017	8,977	106,900	999,776	-25,005	0,636	0,661	NaN	0,431	0,695	32,125
10:29:37,486	20,364	23,875	23,598	-24,946	23,225	0,501	25,013	23,838	22,718	23,059	22,998	-24,934	22,953	23,816	23,045	22,995	15,177	16,342	1,005	-0,042	1,478	-5,015	-3,993	0,006	-4,995	8,694	1,673	1,497	1,113	1,297	1,101	1,068	1,100	1,115	-15001,976	-2500,198	-47,600	1,045	0,993	2,693	6,125	0,724	2,802	13,210	41,737	26,803	23,472	25,317	0,996	9,103	107,066	1005,036	-25,012	0,636	0,662	NaN	0,435	0,691	32,578
10:29:37,986	20,371	23,868	23,621	-24,984	23,260	0,500	25,102	23,779	22,696	23,019	22,942	-24,913	23,008	23,816	23,015	22,917	15,182	16,341	1,018	-0,046	1,489	-5,018	-3,992	-0,070	-4,991	8,678	1,681	1,515	1,120	1,288	1,091	1,054	1,104	1,122	-15001,035	-2499,598	-58,610	1,039	1,006	2,734	6,111	0,717	2,805	13,223	41,697	26,773	23,548	25,288	1,073	9,014	106,539	997,475	-25,007	0,646	0,662	NaN	0,435	0,688	33,078
10:29:38,516	20,318	23,820	23,628	-24,954	23,424	0,501	24,980	23,823	22,701	22,998	22,938	-24,910	22,944	23,853	23,022	22,999	15,190	16,362	1,020	-0,035	1,478	-5,016	-3,989	0,055	-4,996	8,686	1,686	1,498	1,113	1,290	1,107	1,074	1,097	1,107	-15000,622	-2499,655	-61,544	1,057	1,093	2,775	6,133	0,727	2,812	13,182	41,704	26,838	23,591	25,183	1,010	9,057	107,129	1005,364	-25,011	0,655	0,664	NaN	0,434	0,693	33,578
10:29:39,032	20,312	23,821	23,651	-24,980	23,218	0,502	25,000	23,817	22,732	22,998	22,942	-24,927	22,942	23,785	22,969	22,964	15,162	16,327	1,007	-0,045	1,484	-5,017	-3,992	-0,105	-4,993	8,679	1,685	1,503	1,116	1,295	1,108	1,071	1,100	1,104	-15001,060	-2500,174	-62,512	1,028	0,827	2,710	6,130	0,711	2,808	13,197	41,738	26,839	23,588	25,282	0,998	9,061	107,030	997,938	-25,002	0,640	0,663	NaN	0,428	0,700	34,110
10:29:39,532	20,329	23,826	23,627	-24,925	23,226	0,501	25,086	23,796	22,712	23,021	22,971	-24,928	22,988	23,888	22,916	22,954	15,210	16,349	1,021	-0,047	1,481	-5,016	-3,992	0,004	-4,990	8,687	1,683	1,499	1,113	1,292	1,117	1,067	1,093	1,138	-15001,238	-2498,880	-81,315	1,033	1,035	2,634	6,142	0,708	2,802	13,189	41,715	26,857	23,745	25,303	0,933	9,025	107,647	1004,063	-25,003	0,622	0,661	NaN	0,430	0,699	34,625
10:29:40,063	20,338	23,835	23,651	-24,942	23,282	0,501	24,995	23,869	22,717	22,973	22,940	-24,925	22,982	23,816	22,930	22,982	15,116	16,369	1,016	-0,062	1,484	-5,016	-3,994	0,036	-4,992	8,684	1,686	1,515	1,115	1,294	1,105	1,074	1,088	1,119	-15001,700	-2499,367	-89,177	1,062	0,955	2,649	6,162	0,712	2,797	13,191	41,773	26,830	23,540	25,304	1,000	8,949	106,977	999,970	-25,008	0,625	0,660	NaN	0,430	0,695	35,125
10:29:40,532	20,338	23,867	23,729	-24,977	23,283	0,502	25,235	23,813	22,746	23,039	22,954	-25,027	22,949	23,831	22,981	22,943	15,204	16,380	1,030	-0,036	1,472	-5,016	-3,993	-0,022	-4,993	8,676	1,685	1,504	1,107	1,298	1,102	1,062	1,120	1,122	-15000,281	-2499,874	-81,068	1,035	0,958	2,667	6,070	0,718	2,807	13,192	41,730	26,808	23,644	25,401	0,985	9,013	106,931	1004,677	-25,011	0,630	0,663	NaN	0,430	0,696	35,656
10:29:41,047	20,369	23,817	23,628	-24,957	23,256	0,500	25,065	23,899	22,739	23,015	22,911	-24,934	22,982	23,849	22,970	22,945	15,188	16,354	0,999	-0,056	1,476	-5,017	-3,993	-0,011	-4,992	8,695	1,687	1,520	1,102	1,283	1,109	1,068	1,115	1,109	-15005,469	-2500,879	-70,581	1,014	0,915	2,648	6,062	0,699	2,797	13,157	41,731	26,838	23,556	25,340	1,002	8,982	107,029	998,625	-25,006	0,625	0,660	NaN	0,425	0,703	36,141
10:29:41,532	20,288	23,810	23,644	-24,969	23,291	0,499	25,026	23,874	22,741	22,992	22,925	-24,957	22,958	23,843	22,950	22,929	15,220	16,344	0,999	-0,059	1,471	-5,018	-3,988	-0,024	-4,993	8,683	1,666	1,511	1,100	1,291	1,115	1,078	1,095	1,106	-15002,648	-2497,952	-68,611	1,069	0,904	2,591	6,120	0,696	2,798	13,219	41,682	26,850	23,617	25,457	1,084	9,000	107,232	1005,003	-25,003	0,612	0,661	NaN	0,430	0,696	36,641
10:29:42,000	20,349	23,833	23,690	-24,958	23,232	0,501	25,028	23,891	22,750	23,017	22,893	-24,929	23,023	23,828	22,924	23,011	15,183	16,376	0,998	-0,045	1,477	-5,016	-3,989	-0,023	-4,991	8,677	1,683	1,516	1,112	1,294	1,108	1,076	1,100	1,126	-14999,576	-2500,320	-51,887	1,043	0,952	2,652	6,083	0,695	2,783	13,180	41,706	26,761	23,561	25,326	1,027	9,012	107,509	997,057	-25,007	0,626	0,657	NaN	0,429	0,694	37,125
10:29:42,486	20,310	23,802	23,689	-24,940	23,365	0,503	24,942	23,846	22,781	22,958	22,985	-24,897	22,979	23,866	22,943	22,975	15,185	16,348	1,015	-0,041	1,481	-5,018	-3,995	-0,020	-4,990	8,684	1,685	1,508	1,111	1,294	1,101	1,070	1,103	1,119	-15000,492	-2500,380	-57,678	1,036	1,036	2,686	6,080	0,717	2,793	13,210	41,741	26,878	23,652	25,339	0,974	8,968	106,795	1004,144	-25,011	0,634	0,659	NaN	0,430	0,698	37,578
10:29:43,000	20,313	23,799	23,667	-24,959	23,373	0,501	25,009	23,833	22,718	22,958	22,974	-24,914	22,984	23,802	22,888	22,957	15,218	16,370	1,003	-0,047	1,480	-5,017	-3,994	0,002	-4,995	8,680	1,687	1,517	1,112	1,297	1,086	1,075	1,089	1,147	-14999,957	-2499,318	-63,562	1,041	0,908	2,651	6,113	0,707	2,790	13,219	41,730	26,827	23,589	25,283	1,134	9,003	106,832	996,416	-25,009	0,626	0,659	NaN	0,429	0,696	38,078
10:29:43,516	20,333	23,771	23,722	-25,008	23,428	0,499	24,966	23,867	22,754	22,904	22,973	-24,920	22,965	23,822	22,952	22,991	15,210	16,340	1,012	-0,053	1,476	-5,015	-3,991	-0,061	-4,990	8,694	1,686	1,516	1,096	1,297	1,089	1,071	1,103	1,107	-15001,440	-2499,638	-64,291	1,038	1,041	2,656	6,076	0,697	2,785	13,209	41,728	26,892	23,609	25,283	0,985	8,990	106,665	999,975	-25,006	0,627	0,657	NaN	0,429	0,697	38,594
10:29:44,016	20,322	23,836	23,725	-24,973	23,363	0,499	25,035	23,874	22,727	22,943	22,899	-24,960	22,970	23,817	22,915	22,935	15,194	16,350	1,012	-0,046	1,479	-5,017	-3,992	-0,055	-4,990	8,681	1,683	1,509	1,106	1,287	1,119	1,061	1,103	1,121	-14998,482	-2500,437	-86,365	1,045	0,963	2,644	6,080	0,699	2,796	13,166	41,699	26,845	23,504	25,312	1,057	9,056	107,294	999,867	-25,005	0,624	0,660	NaN	0,426	0,700	39,110
10:29:44,516	20,291	23,817	23,688	-24,969	23,219	0,501	24,994	23,869	22,738	23,028	22,958	-24,954	22,964	23,819	22,890	23,005	15,244	16,368	1,003	-0,050	1,475	-5,019	-3,995	-0,037	-4,994	8,691	1,687	1,516	1,107	1,296	1,116	1,072	1,114	1,130	-15001,425	-2499,667	-99,993	1,052	0,758	2,596	6,053	0,713	2,799	13,227	41,715	26,844	23,541	25,360	0,986	9,057	107,003	1002,163	-25,005	0,613	0,661	NaN	0,428	0,696	39,610
10:29:45,047	20,295	23,838	23,689	-24,961	23,180	0,502	24,995	23,888	22,715	22,940	22,944	-24,926	22,980	23,836	22,900	22,914	15,180	16,353	1,013	-0,053	1,487	-5,014	-3,989	-0,008	-4,993	8,702	1,684	1,507	1,110	1,300	1,094	1,067	1,113	1,123	-15001,968	-2499,813	-72,145	1,040	0,806	2,651	6,059	0,711	2,799	13,249	41,730	26,831	23,595	25,258	0,992	9,026	106,811	1001,622	-25,011	0,626	0,661	NaN	0,429	0,694	40,110
10:29:45,563	20,361	23,882	23,704	-24,983	23,343	0,501	25,030	23,812	22,718	23,016	22,966	-24,930	22,983	23,816	22,903	22,921	15,172	16,359	1,009	-0,052	1,476	-5,020	-3,992	-0,045	-4,993	8,683	1,690	1,513	1,116	1,299	1,100	1,057	1,103	1,124	-15000,396	-2499,310	-47,879	1,033	0,960	2,678	6,088	0,710	2,788	13,183	41,683	26,808	23,492	25,697	0,968	8,985	106,429	1005,895	-25,010	0,632	0,658	NaN	0,434	0,684	40,641
10:29:46,063	20,331	23,833	23,673	-24,974	23,134	0,500	25,064	23,889	22,711	22,991	22,937	-25,011	22,963	23,829	22,904	22,953	15,185	16,400	1,006	-0,040	1,492	-5,017	-3,995	-0,022	-4,989	8,686	1,658	1,515	1,113	1,293	1,102	1,073	1,110	1,106	-15000,905	-2500,267	-42,842	1,002	0,909	2,798	6,064	0,703	2,801	13,225	41,693	26,834	23,724	25,283	0,998	9,017	106,549	1003,160	-25,004	0,661	0,661	NaN	0,435	0,691	41,156
10:29:46,547	20,321	23,878	23,735	-24,975	23,298	0,502	25,055	23,891	22,655	23,074	23,013	-24,921	23,027	23,860	22,957	22,966	15,205	16,396	1,007	-0,044	1,475	-5,015	-3,991	0,063	-4,994	8,669	1,684	1,524	1,090	1,284	1,110	1,077	1,065	1,121	-15000,152	-2498,754	-61,957	1,045	1,046	2,769	6,201	0,709	2,799	13,212	41,641	26,816	23,491	25,271	1,003	8,978	106,413	1004,017	-25,010	0,654	0,661	NaN	0,432	0,694	41,656
10:29:47,032	20,368	23,848	23,722	-24,939	23,213	0,501	25,002	23,891	22,702	23,018	23,028	-24,975	23,016	23,836	22,924	22,961	15,166	16,372	0,988	-0,052	1,473	-5,017	-3,993	-0,119	-4,992	8,682	1,691	1,504	1,113	1,309	1,113	1,061	1,099	1,132	-15000,062	-2499,448	-64,988	1,023	1,098	2,699	6,123	0,677	2,800	13,205	41,611	26,860	23,662	25,379	1,001	8,981	106,621	1004,591	-25,000	0,637	0,661	NaN	0,434	0,696	42,141
10:29:47,516	20,410	23,857	23,715	-24,920	23,554	0,501	25,109	23,868	22,700	23,047	23,067	-24,937	22,972	23,830	22,924	22,971	15,186	16,406	1,014	-0,056	1,481	-5,015	-3,994	0,019	-4,993	8,687	1,691	1,503	1,110	1,283	1,114	1,065	1,102	1,138	-15001,740	-2499,168	-68,469	1,041	0,858	2,691	6,156	0,681	2,775	13,247	41,714	26,829	23,623	25,316	1,004	8,976	107,202	1001,608	-25,011	0,635	0,655	NaN	0,432	0,700	42,625
10:29:48,125	20,419	23,865	23,688	-24,955	23,292	0,500	25,016	23,892	22,721	23,042	23,004	-24,949	22,968	23,870	22,965	22,948	15,176	16,405	1,018	-0,042	1,482	-5,016	-3,993	-0,065	-4,989	8,682	1,685	1,493	1,120	1,300	1,112	1,071	1,101	1,103	-15001,684	-2499,525	-67,323	1,048	0,908	2,652	6,183	0,696	2,797	13,128	41,708	26,808	23,633	25,282	1,050	8,999	107,601	1003,012	-25,008	0,626	0,661	NaN	0,431	0,703	43,235
10:29:48,672	20,393	23,871	23,676	-24,954	23,304	0,500	25,060	23,883	22,695	23,005	22,996	-24,911	22,986	23,865	22,970	22,949	15,215	16,340	1,018	-0,044	1,483	-5,019	-3,987	-0,005	-4,993	8,699	1,671	1,520	1,116	1,288	1,121	1,080	1,099	1,121	-15003,078	-2499,999	-72,664	1,024	0,944	2,622	6,209	0,705	2,801	13,166	41,706	26,792	23,658	25,267	0,992	9,008	106,426	1002,252	-25,016	0,619	0,661	NaN	0,437	0,697	43,828
10:29:49,172	20,401	23,864	23,753	-24,941	23,247	0,500	24,984	23,875	22,709	22,979	23,034	-24,894	22,976	23,829	22,968	22,990	15,192	16,383	1,001	-0,046	1,485	-5,016	-3,991	-0,077	-4,993	8,680	1,690	1,504	1,110	1,304	1,106	1,072	1,086	1,123	-15002,146	-2499,452	-74,892	1,023	0,831	2,706	6,231	0,723	2,791	13,192	41,667	26,831	23,578	25,399	1,014	9,061	107,663	996,367	-25,012	0,639	0,659	NaN	0,437	0,691	44,266
10:29:49,828	20,362	23,914	23,755	-24,943	23,282	0,502	24,990	23,912	22,758	23,040	23,073	-24,945	22,962	23,816	22,963	22,984	15,207	16,392	1,021	-0,045	1,480	-5,014	-3,987	-0,004	-4,991	8,679	1,690	1,500	1,110	1,300	1,107	1,064	1,108	1,118	-15000,217	-2499,383	-64,178	1,042	0,853	2,751	6,156	0,723	2,804	13,210	41,734	26,872	23,568	25,383	0,986	9,026	106,350	1003,936	-25,011	0,650	0,662	NaN	0,434	0,696	44,766
10:29:50,344	20,421	23,912	23,712	-24,969	23,279	0,500	25,130	23,878	22,691	23,017	23,019	-25,005	23,008	23,810	22,941	22,956	15,236	16,388	1,015	-0,041	1,480	-5,016	-3,991	0,013	-4,992	8,685	1,675	1,502	1,106	1,276	1,123	1,060	1,086	1,119	-15001,587	-2499,318	-44,086	1,030	0,772	2,711	6,207	0,732	2,814	13,229	41,720	26,780	23,443	25,327	1,027	9,019	106,783	1004,462	-25,010	0,640	0,664	NaN	0,434	0,698	45,422
10:29:50,986	20,421	23,895	23,754	-24,942	23,264	0,500	25,116	23,897	22,711	23,021	23,053	-24,917	23,010	23,884	22,989	22,949	15,221	16,404	1,019	-0,051	1,476	-5,016	-3,995	0,032	-4,990	8,682	1,678	1,506	1,106	1,312	1,096	1,087	1,100	1,114	-15001,465	-2499,736	-76,927	1,033	0,929	2,671	6,163	0,717	2,794	13,195	41,737	26,794	23,584	25,298	0,999	8,999	108,000	999,986	-25,008	0,631	0,660	NaN	0,430	0,702	46,047
10:29:51,486	20,352	23,879	23,754	-24,956	23,248	0,501	25,009	23,909	22,713	23,023	23,064	-24,984	22,949	23,815	22,964	22,906	15,225	16,391	1,018	-0,041	1,486	-5,016	-3,991	-0,086	-4,993	8,692	1,690	1,518	1,119	1,311	1,105	1,062	1,111	1,125	-15001,238	-2499,809	-83,601	1,038	0,892	2,603	6,136	0,700	2,801	13,227	41,694	26,800	23,494	25,341	0,998	8,998	106,864	999,011	-25,007	0,615	0,661	NaN	0,431	0,698	46,578
10:29:52,000	20,353	23,873	23,747	-24,969	23,216	0,502	24,963	23,868	22,703	22,999	23,068	-24,945	22,996	23,779	22,950	22,952	15,160	16,395	1,007	-0,045	1,482	-5,016	-3,993	-0,029	-4,994	8,693	1,685	1,536	1,106	1,296	1,110	1,052	1,089	1,111	-15001,344	-2499,683	-80,951	1,040	0,965	2,676	6,196	0,723	2,792	13,216	41,566	26,843	23,617	25,305	0,979	9,015	107,011	1005,494	-25,010	0,632	0,659	NaN	0,435	0,695	47,078
10:29:52,486	20,348	23,879	23,774	-24,947	23,334	0,499	25,074	23,910	22,679	23,048	23,047	-24,915	22,990	23,829	22,901	22,972	15,197	16,431	1,012	-0,038	1,488	-5,015	-3,991	-0,026	-4,991	8,682	1,688	1,506	1,108	1,304	1,107	1,067	1,110	1,104	-15001,246	-2499,533	-74,763	1,012	0,978	2,689	6,140	0,716	2,795	13,229	41,721	26,792	23,666	25,335	1,021	9,051	107,949	996,744	-25,012	0,635	0,660	NaN	0,432	0,700	47,594
10:29:53,000	20,364	23,896	23,746	-24,949	23,242	0,502	25,105	23,838	22,706	22,999	23,039	-24,934	22,971	23,836	22,916	22,971	15,181	16,412	1,013	-0,041	1,469	-5,015	-3,988	0,008	-4,995	8,687	1,678	1,509	1,120	1,285	1,116	1,070	1,083	1,115	-15001,911	-2499,707	-72,830	1,034	0,917	2,663	6,216	0,701	2,800	13,224	41,758	26,826	23,405	25,322	1,017	8,993	107,263	1004,645	-25,010	0,629	0,661	NaN	0,435	0,698	48,078
10:29:53,500	20,307	23,898	23,726	-24,961	23,316	0,501	25,012	23,887	22,675	22,995	23,081	-24,923	23,003	23,811	22,907	22,937	15,208	16,369	1,002	-0,047	1,480	-5,017	-3,991	-0,041	-4,994	8,675	1,680	1,531	1,106	1,294	1,112	1,062	1,113	1,117	-15000,387	-2499,780	-69,762	1,039	0,826	2,661	6,137	0,728	2,790	13,226	41,728	26,796	23,579	25,372	0,998	8,902	106,845	996,647	-25,012	0,628	0,659	NaN	0,430	0,702	48,594
10:29:54,000	20,340	23,819	23,694	-24,965	23,284	0,500	25,012	23,902	22,637	23,049	23,048	-24,970	22,969	23,840	22,904	23,022	15,158	16,367	1,017	-0,045	1,480	-5,015	-3,989	-0,008	-4,993	8,688	1,680	1,525	1,107	1,299	1,114	1,072	1,093	1,125	-15001,659	-2499,861	-53,889	1,007	1,011	2,630	6,203	0,727	2,794	13,206	41,722	26,812	23,631	25,358	0,996	8,959	107,058	1005,025	-25,009	0,621	0,660	NaN	0,432	0,700	49,078
10:29:54,500	20,332	23,856	23,632	-24,952	23,296	0,501	25,007	23,869	22,666	23,054	23,072	-24,938	23,028	23,827	22,895	22,946	15,198	16,344	1,014	-0,050	1,481	-5,017	-3,997	-0,046	-4,992	8,689	1,680	1,515	1,115	1,294	1,120	1,078	1,099	1,121	-15002,008	-2498,462	-70,962	1,037	1,022	2,645	6,181	0,727	2,789	13,189	41,742	26,867	23,584	25,372	0,959	9,012	106,427	1001,522	-25,001	0,625	0,658	NaN	0,432	0,699	49,594
10:29:54,986	20,356	23,845	23,711	-24,966	23,302	0,501	25,042	23,855	22,668	23,056	23,085	-24,899	22,995	23,831	22,958	22,946	15,224	16,369	1,010	-0,051	1,477	-5,017	-3,994	-0,042	-4,993	8,678	1,681	1,508	1,125	1,298	1,106	1,068	1,106	1,112	-14999,876	-2499,983	-75,837	1,033	1,146	2,652	6,170	0,729	2,811	13,217	41,721	26,842	23,579	25,240	0,989	8,958	106,885	1005,090	-25,010	0,626	0,664	NaN	0,434	0,700	50,094
10:29:55,486	20,341	23,857	23,656	-24,936	23,268	0,500	25,076	23,874	22,654	23,034	23,063	-24,853	23,043	23,802	22,927	22,949	15,235	16,357	1,003	-0,071	1,476	-5,016	-3,990	-0,015	-4,995	8,691	1,676	1,527	1,113	1,304	1,098	1,073	1,104	1,117	-15003,929	-2499,999	-72,882	1,046	0,962	2,650	6,179	0,721	2,798	13,202	41,685	26,893	23,698	25,316	1,042	8,980	107,070	998,946	-25,006	0,626	0,661	NaN	0,431	0,705	50,578
10:29:55,986	20,329	23,841	23,668	-24,921	23,331	0,502	25,060	23,900	22,641	23,060	23,045	-24,939	23,050	23,810	22,935	22,922	15,216	16,331	1,014	-0,038	1,478	-5,015	-3,992	0,102	-4,994	8,672	1,665	1,531	1,101	1,296	1,090	1,067	1,093	1,140	-15001,610	-2499,707	-69,766	1,041	0,894	2,599	6,215	0,710	2,793	13,163	41,735	26,809	23,679	25,435	0,958	9,013	107,141	1001,250	-25,010	0,614	0,659	NaN	0,435	0,701	51,078
10:29:56,469	20,297	23,832	23,635	-24,960	23,333	0,502	25,060	23,873	22,654	22,971	23,077	-24,905	22,959	23,798	22,999	22,958	15,221	16,319	1,004	-0,043	1,479	-5,014	-3,989	-0,011	-4,993	8,686	1,680	1,523	1,117	1,292	1,113	1,057	1,098	1,117	-15002,349	-2499,367	-78,536	1,057	0,852	2,644	6,207	0,709	2,800	13,168	41,754	26,784	23,717	25,315	1,000	8,998	107,394	997,534	-25,012	0,624	0,661	NaN	0,434	0,699	51,578
10:29:56,969	20,307	23,821	23,630	-24,958	23,240	0,501	25,076	23,879	22,686	23,038	23,034	-24,932	23,043	23,782	22,955	23,021	15,180	16,392	1,006	-0,044	1,474	-5,015	-3,995	-0,057	-4,991	8,690	1,680	1,518	1,120	1,305	1,113	1,068	1,117	1,114	-15000,865	-2498,856	-77,137	1,018	0,899	2,638	6,132	0,696	2,796	13,140	41,659	26,797	23,600	25,327	1,009	9,066	107,889	998,482	-25,005	0,623	0,660	NaN	0,432	0,699	52,063
10:29:57,469	20,341	23,857	23,646	-24,951	23,331	0,502	25,093	23,873	22,677	23,042	23,099	-24,950	23,037	23,863	22,959	22,937	15,229	16,350	1,013	-0,044	1,477	-5,016	-3,996	0,024	-4,991	8,675	1,683	1,509	1,108	1,288	1,109	1,064	1,101	1,121	-14999,698	-2499,963	-65,916	1,047	0,894	2,650	6,168	0,698	2,793	13,197	41,704	26,789	23,973	25,293	1,006	9,074	106,739	1001,595	-25,008	0,626	0,660	NaN	0,432	0,697	52,563
10:29:57,969	20,334	23,832	23,677	-24,977	23,335	0,501	25,130	23,865	22,665	23,012	23,030	-24,894	23,105	23,815	22,896	22,962	15,224	16,362	0,995	-0,053	1,485	-5,014	-3,994	-0,056	-4,995	8,691	1,673	1,517	1,117	1,263	1,107	1,068	1,099	1,112	-15001,027	-2500,174	-70,005	1,039	0,946	2,683	6,161	0,718	2,784	13,204	41,772	26,851	23,612	25,307	0,995	9,021	106,376	1003,551	-25,006	0,634	0,657	NaN	0,431	0,696	53,063
10:29:58,469	20,310	23,798	23,712	-24,979	23,282	0,502	25,089	23,896	22,720	23,012	23,040	-25,015	23,052	23,823	22,986	22,976	15,201	16,386	1,014	-0,042	1,478	-5,017	-3,993	-0,006	-4,993	8,702	1,679	1,509	1,110	1,310	1,109	1,055	1,123	1,132	-15001,067	-2499,569	-68,571	1,008	0,928	2,660	6,084	0,718	2,798	13,228	41,761	26,840	23,604	25,303	1,033	9,007	106,646	1003,791	-25,009	0,628	0,661	NaN	0,432	0,696	53,563
10:29:58,986	20,302	23,800	23,639	-24,943	23,286	0,503	25,008	23,873	22,745	23,021	23,071	-24,900	23,005	23,849	22,893	22,951	15,201	16,391	1,007	-0,055	1,479	-5,017	-3,992	-0,023	-4,990	8,689	1,695	1,512	1,106	1,289	1,108	1,064	1,098	1,134	-15001,992	-2499,188	-58,087	1,036	0,949	2,689	6,147	0,720	2,799	13,148	41,782	26,849	23,631	25,323	0,983	9,001	107,211	1003,982	-25,013	0,635	0,661	NaN	0,433	0,694	54,063
10:29:59,469	20,331	23,790	23,654	-24,955	23,346	0,501	24,963	23,899	22,757	23,033	23,051	-24,986	23,015	23,791	22,913	22,933	15,208	16,306	1,002	-0,034	1,473	-5,017	-3,988	-0,019	-4,992	8,691	1,678	1,511	1,095	1,297	1,112	1,057	1,090	1,122	-15001,578	-2500,169	-55,380	1,071	0,943	2,712	6,164	0,717	2,804	13,204	41,768	26,799	23,489	25,218	1,067	8,980	106,954	1005,068	-25,009	0,640	0,662	NaN	0,432	0,695	54,578
10:30:00,000	20,359	23,756	23,608	-24,987	23,330	0,499	25,052	23,912	22,733	23,034	23,061	-24,960	23,025	23,832	22,937	22,982	15,247	16,450	1,002	-0,041	1,480	-5,017	-3,995	-0,028	-4,992	8,691	1,693	1,512	1,105	1,288	1,115	1,064	1,094	1,125	-15000,703	-2499,156	-83,577	1,062	0,922	2,699	6,148	0,712	2,800	13,201	41,785	26,813	23,654	25,298	1,016	8,964	107,392	1002,805	-25,011	0,637	0,661	NaN	0,427	0,700	55,063
10:30:00,469	20,283	23,862	23,624	-24,968	23,274	0,500	25,119	23,870	22,735	23,009	23,081	-24,925	23,025	23,838	22,941	22,937	15,181	16,384	1,000	-0,052	1,480	-5,016	-3,990	-0,007	-4,991	8,684	1,697	1,503	1,106	1,304	1,094	1,067	1,101	1,128	-15002,105	-2499,667	-68,599	1,004	0,889	2,622	6,118	0,713	2,798	13,146	41,787	26,855	23,667	25,211	1,013	9,018	107,755	1003,802	-25,009	0,619	0,661	NaN	0,429	0,702	55,594
10:30:00,986	20,310	23,795	23,640	-24,948	23,298	0,501	25,039	23,882	22,769	23,009	23,075	-24,920	23,025	23,806	22,930	22,958	15,182	16,396	1,004	-0,060	1,481	-5,016	-3,992	0,031	-4,992	8,687	1,689	1,517	1,108	1,289	1,114	1,070	1,100	1,110	-14998,726	-2499,569	-62,346	1,050	0,748	2,603	6,123	0,711	2,806	13,239	41,740	26,778	23,611	25,245	0,991	8,996	107,877	997,157	-25,007	0,615	0,663	NaN	0,428	0,700	56,063
10:30:01,469	20,337	23,787	23,682	-24,927	23,339	0,502	25,072	23,880	22,751	23,034	23,062	-24,939	23,036	23,832	22,959	22,963	15,182	16,379	0,999	-0,047	1,483	-5,017	-3,994	0,089	-4,996	8,692	1,670	1,515	1,108	1,302	1,107	1,066	1,114	1,124	-15001,400	-2499,821	-57,812	1,024	0,820	2,609	6,074	0,715	2,801	13,236	41,661	26,830	23,624	25,330	1,003	8,955	107,525	999,223	-25,010	0,616	0,661	NaN	0,437	0,694	56,578
10:30:01,986	20,335	23,851	23,707	-24,920	23,332	0,502	25,035	23,905	22,692	23,028	23,046	-24,899	23,019	23,847	22,942	22,950	15,202	16,345	1,010	-0,054	1,477	-5,018	-3,994	-0,026	-4,995	8,684	1,687	1,511	1,114	1,297	1,117	1,079	1,087	1,122	-15000,703	-2500,048	-76,469	1,025	1,068	2,711	6,149	0,715	2,806	13,135	41,719	26,807	23,793	25,290	1,002	8,969	107,380	992,368	-25,009	0,640	0,663	NaN	0,432	0,694	57,063
10:30:02,469	20,267	23,807	23,723	-24,926	23,274	0,500	25,057	23,872	22,742	23,045	23,053	-24,919	23,028	23,823	22,933	22,940	15,154	16,364	1,021	-0,046	1,473	-5,018	-3,988	0,040	-4,992	8,672	1,670	1,516	1,100	1,295	1,093	1,076	1,087	1,119	-15002,227	-2499,703	-73,324	1,000	1,019	2,701	6,135	0,703	2,786	13,160	41,668	26,831	23,722	25,252	1,021	8,996	106,606	1002,128	-25,011	0,638	0,658	NaN	0,436	0,693	57,578
10:30:03,000	20,330	23,786	23,740	-24,939	23,233	0,500	25,026	23,883	22,691	23,071	23,047	-24,936	23,016	23,883	22,976	22,921	15,174	16,344	0,991	-0,047	1,479	-5,017	-3,994	-0,044	-4,991	8,683	1,681	1,505	1,102	1,280	1,103	1,065	1,076	1,128	-15001,327	-2500,818	-74,005	1,035	0,937	2,729	6,172	0,688	2,789	13,170	41,677	26,802	23,646	25,262	1,008	9,007	106,463	995,192	-25,005	0,644	0,659	NaN	0,429	0,693	58,078
10:30:03,486	20,318	23,787	23,758	-24,943	23,290	0,501	25,062	23,865	22,683	23,046	22,998	-24,980	23,058	23,822	22,859	22,947	15,212	16,364	1,004	-0,054	1,481	-5,016	-3,995	-0,011	-4,994	8,675	1,681	1,514	1,109	1,294	1,092	1,077	1,109	1,120	-15000,055	-2499,594	-77,356	1,045	0,907	2,685	6,072	0,692	2,800	13,202	41,754	26,840	23,691	25,289	1,010	9,000	106,749	1005,267	-25,010	0,634	0,661	NaN	0,428	0,700	58,594
10:30:03,986	20,343	23,856	23,760	-24,959	23,220	0,501	25,162	23,890	22,693	23,016	23,057	-24,897	23,015	23,838	22,944	22,942	15,208	16,359	1,018	-0,044	1,480	-5,018	-3,989	-0,038	-4,991	8,690	1,680	1,505	1,113	1,296	1,109	1,065	1,093	1,126	-15000,801	-2499,464	-66,326	1,019	0,946	2,624	6,119	0,680	2,803	13,225	41,719	26,842	23,670	25,361	0,968	9,013	107,057	999,132	-25,008	0,620	0,662	NaN	0,425	0,700	59,078
10:30:04,486	20,300	23,862	23,755	-24,999	23,307	0,502	25,089	23,878	22,666	23,007	23,078	-24,899	23,057	23,872	22,934	22,938	15,213	16,383	1,011	-0,058	1,478	-5,018	-3,996	-0,105	-4,994	8,683	1,680	1,512	1,110	1,279	1,104	1,073	1,114	1,104	-15002,575	-2500,474	-72,177	1,057	0,873	2,593	6,065	0,686	2,794	13,193	41,639	26,826	23,562	25,230	0,978	9,026	107,406	1004,284	-25,016	0,612	0,660	NaN	0,431	0,696	59,594
10:30:05,016	20,321	23,815	23,798	-24,948	23,350	0,501	25,097	23,877	22,689	23,037	23,092	-24,921	22,982	23,807	22,977	22,938	15,204	16,397	1,024	-0,055	1,479	-5,018	-3,990	0,007	-4,991	8,684	1,683	1,510	1,111	1,298	1,095	1,068	1,100	1,113	-15002,373	-2499,492	-74,281	1,051	0,885	2,663	6,087	0,697	2,800	13,166	41,721	26,829	23,803	25,315	0,991	9,003	107,197	996,823	-25,009	0,629	0,661	NaN	0,431	0,693	60,078
