26.01.2022	Weißöl/LuftZeit	TIT-01b	TIT-02a	TIT-02b	TIT-03a	TIT-03b	TIT-04a	TIT-04b	TIT-05	TIT-06	TIT-07	TIT-08	TIT-11	TIT-13	TIT-14	TIT-15	TIT-16	TITC-1	TITC-2	PIT-01	PIT-02	PIT-03a	leer	PIT-04a E+H abs	PIT-04b	PIT-04c	PIT-05	PIT-06	PIT-07	PIT-08	PIT-09	PIT-10	PIT-11	PIT-13	PIT-14	PDI-04 [Pa] 	leer	PDI-01 [Pa]	PIT-03b [Pa]	FIT-001[m³/h]	FIT-002 [m³/h]	FIT-003 [m³/h]	FIT-004 [m³/h]	FIT-005 [m³/h]	LIT-001	LIT-002	LIT-004	TMMP-1	TMMP-2	PMMP-1	PMMP-2	M(MPP)	n(MPP)	LIT(MPP)	M_dot (FIT002) [kg/s]	M_dot (FIT005) [kg/s]	eta_th	eta_vol	alpha	Vestrichene Zeit10:55:57,532	20,358	23,888	23,696	-24,965	23,866	-0,001	25,220	23,870	22,799	23,239	23,095	-24,909	23,038	23,849	23,240	23,209	15,154	16,379	1,005	-0,054	1,032	-5,018	-3,992	-0,053	-4,993	8,686	1,797	1,484	1,103	1,268	1,072	1,060	1,102	1,103	-15003,410	-2499,699	-60,361	1,040	0,784	2,678	5,996	0,780	2,613	12,407	42,168	26,868	23,719	25,587	0,982	8,949	106,956	1000,123	-25,014	0,632	0,617	NaN	0,489	0,689	0,000
10:55:58,063	20,420	23,912	23,684	-24,926	23,834	-0,001	25,092	23,911	22,822	23,290	23,075	-24,918	23,018	23,821	23,237	23,207	15,176	16,438	1,013	-0,045	1,042	-5,018	-3,994	0,012	-4,993	8,685	1,794	1,469	1,093	1,284	1,093	1,050	1,080	1,101	-15006,312	-2498,373	-77,786	1,006	0,963	2,728	6,054	0,774	2,629	12,391	42,171	26,928	23,759	25,771	0,958	8,959	106,279	998,601	-25,018	0,644	0,621	NaN	0,487	0,692	0,500
10:55:58,703	20,374	23,890	23,696	-24,993	23,822	-0,001	25,037	23,887	22,768	23,271	23,074	-24,950	23,014	23,874	23,234	23,230	15,120	16,359	1,022	-0,063	1,036	-5,019	-3,994	-0,114	-4,992	8,688	1,799	1,493	1,090	1,296	1,088	1,048	1,080	1,103	-15001,797	-2499,594	-72,323	1,042	0,963	2,704	6,072	0,778	2,625	12,411	42,139	26,860	23,714	25,458	1,041	8,961	106,458	1004,882	-25,016	0,639	0,620	NaN	0,488	0,691	1,125
10:55:59,203	20,420	23,925	23,719	-24,978	23,874	-0,001	25,099	23,882	22,798	23,257	23,116	-24,902	22,999	23,809	23,233	23,170	15,190	16,396	1,012	-0,043	1,038	-5,015	-3,989	0,006	-4,993	8,691	1,795	1,488	1,092	1,288	1,089	1,048	1,090	1,108	-15001,789	-2499,350	-56,191	1,038	1,096	2,701	6,032	0,795	2,619	12,412	42,226	26,929	23,744	25,600	0,976	8,997	106,390	1000,393	-25,018	0,638	0,618	NaN	0,490	0,689	1,656
10:55:59,782	20,401	23,909	23,714	-24,937	23,860	-0,001	25,125	23,947	22,811	23,264	23,079	-24,926	23,033	23,820	23,261	23,177	15,136	16,357	1,000	-0,052	1,031	-5,016	-3,990	0,142	-4,993	8,697	1,802	1,507	1,087	1,279	1,095	1,044	1,083	1,111	-15003,054	-2499,610	-73,823	0,997	0,969	2,738	6,061	0,788	2,622	12,434	42,175	26,908	23,762	25,640	0,989	9,051	107,046	1004,128	-25,013	0,647	0,619	NaN	0,493	0,687	2,156
10:56:00,282	20,393	23,935	23,720	-24,977	23,871	-0,001	25,191	23,922	22,797	23,282	23,069	-24,901	23,028	23,868	23,200	23,155	15,142	16,397	1,021	-0,047	1,044	-5,018	-3,988	0,066	-4,996	8,685	1,801	1,500	1,099	1,290	1,093	1,053	1,111	1,091	-14999,536	-2499,865	-81,117	1,022	0,967	2,727	5,991	0,770	2,619	12,422	42,175	26,876	23,696	25,669	0,966	9,010	107,294	992,781	-25,013	0,644	0,618	NaN	0,487	0,692	2,734
10:56:00,797	20,371	23,881	23,734	-24,982	23,801	-0,001	25,125	23,875	22,841	23,272	23,084	-24,922	23,001	23,844	23,199	23,199	15,142	16,399	1,008	-0,041	1,040	-5,017	-3,996	0,022	-4,994	8,683	1,795	1,503	1,103	1,275	1,109	1,054	1,086	1,104	-15001,359	-2499,744	-58,549	1,037	0,915	2,696	6,068	0,776	2,633	12,425	42,168	26,867	23,709	25,645	0,878	9,004	106,222	1004,615	-25,007	0,636	0,622	NaN	0,487	0,693	3,234
10:56:01,282	20,363	23,871	23,831	-24,947	23,875	-0,001	25,193	23,949	22,801	23,211	23,063	-24,948	23,030	23,827	23,226	23,218	15,150	16,369	0,994	-0,047	1,043	-5,017	-3,991	0,035	-4,991	8,685	1,788	1,499	1,096	1,284	1,087	1,064	1,105	1,107	-15000,362	-2499,233	-62,245	1,031	0,953	2,659	6,017	0,786	2,627	12,364	42,167	26,906	23,698	25,664	1,043	8,959	105,999	1000,099	-25,012	0,628	0,620	NaN	0,486	0,696	3,750
10:56:01,797	20,373	23,905	23,756	-24,994	23,899	-0,001	25,211	23,885	22,851	23,313	23,046	-24,937	23,031	23,895	23,238	23,164	15,170	16,396	1,014	-0,044	1,036	-5,016	-3,992	0,008	-4,992	8,696	1,796	1,501	1,094	1,281	1,098	1,050	1,079	1,110	-15000,258	-2499,801	-65,673	1,027	1,002	2,661	6,100	0,780	2,619	12,450	42,192	26,896	23,760	25,754	0,978	8,949	106,301	1004,063	-25,009	0,628	0,618	NaN	0,488	0,695	4,234
10:56:02,297	20,365	23,876	23,781	-24,975	23,904	-0,001	25,204	23,905	22,784	23,263	23,038	-24,899	23,047	23,845	23,213	23,187	15,172	16,383	1,016	-0,049	1,035	-5,016	-3,992	0,023	-4,994	8,702	1,794	1,489	1,094	1,286	1,081	1,054	1,092	1,107	-15002,754	-2499,217	-62,504	0,990	0,942	2,662	6,060	0,790	2,624	12,390	42,162	26,876	23,749	25,712	0,991	8,988	106,960	1000,670	-25,009	0,629	0,620	NaN	0,487	0,694	4,750
10:56:02,797	20,376	23,899	23,764	-24,917	23,854	-0,001	25,212	23,897	22,772	23,283	23,094	-24,981	22,970	23,878	23,254	23,209	15,171	16,405	1,021	-0,043	1,039	-5,016	-3,994	0,046	-4,991	8,674	1,792	1,498	1,094	1,282	1,099	1,050	1,093	1,109	-15000,233	-2498,604	-69,158	1,020	0,870	2,675	6,064	0,779	2,618	12,363	42,173	26,905	23,769	25,586	0,997	9,017	106,849	1004,184	-25,010	0,632	0,618	NaN	0,491	0,692	5,234
10:56:03,297	20,408	23,883	23,851	-24,957	23,873	-0,001	25,148	23,908	22,774	23,309	23,049	-24,961	23,026	23,862	23,250	23,277	15,158	16,371	1,008	-0,060	1,041	-5,018	-3,991	0,089	-4,992	8,695	1,795	1,495	1,085	1,286	1,102	1,052	1,088	1,108	-15001,116	-2499,067	-67,963	1,037	0,963	2,713	6,084	0,763	2,617	12,409	42,187	26,911	23,694	25,678	0,986	8,926	106,481	1000,067	-25,008	0,641	0,618	NaN	0,488	0,692	5,750
10:56:03,828	20,408	23,881	23,772	-24,964	23,826	-0,001	25,032	23,913	22,818	23,269	23,098	-24,933	23,018	23,924	23,247	23,226	15,131	16,405	1,010	-0,064	1,046	-5,018	-3,992	-0,102	-4,992	8,685	1,795	1,495	1,093	1,271	1,098	1,055	1,096	1,119	-15003,369	-2499,849	-65,402	1,057	0,890	2,695	6,068	0,746	2,615	12,453	42,165	26,933	23,692	25,664	0,982	8,988	106,852	1004,039	-25,012	0,636	0,618	NaN	0,487	0,699	6,250
10:56:04,297	20,405	23,888	23,771	-24,936	23,884	-0,001	25,232	23,920	22,828	23,311	23,064	-24,949	23,031	23,836	23,260	23,227	15,143	16,385	1,011	-0,020	1,034	-5,018	-3,991	-0,021	-4,993	8,687	1,795	1,489	1,090	1,277	1,090	1,046	1,097	1,118	-15002,405	-2499,618	-67,748	0,988	0,939	2,613	6,070	0,744	2,614	12,386	42,218	26,922	23,699	25,579	1,005	8,929	106,810	1000,123	-25,009	0,617	0,617	NaN	0,485	0,702	6,781
10:56:04,828	20,372	23,825	23,806	-24,967	23,801	-0,001	25,172	23,955	22,820	23,285	23,098	-24,969	23,015	23,852	23,296	23,200	15,110	16,362	1,009	-0,070	1,034	-5,017	-3,992	-0,056	-4,991	8,681	1,789	1,489	1,103	1,281	1,088	1,062	1,085	1,104	-15002,405	-2499,987	-70,958	1,002	0,953	2,593	6,119	0,748	2,622	12,396	42,115	26,872	23,779	25,721	0,981	8,972	106,897	1004,330	-25,010	0,612	0,619	NaN	0,486	0,703	7,250
10:56:05,203	20,385	23,885	23,781	-25,011	23,832	-0,001	25,093	23,957	22,787	23,262	23,068	-24,921	23,071	23,874	23,306	23,176	15,157	16,406	1,001	-0,062	1,036	-5,016	-3,991	-0,085	-4,991	8,686	1,797	1,503	1,094	1,292	1,089	1,053	1,076	1,119	-14999,229	-2499,338	-85,473	1,017	0,874	2,595	6,141	0,759	2,617	12,391	42,209	26,911	23,927	25,662	0,976	8,968	107,241	1001,411	-25,004	0,613	0,618	NaN	0,491	0,691	7,781
10:56:05,766	20,370	23,871	23,729	-24,993	24,021	-0,001	24,954	23,915	22,795	23,274	23,095	-24,917	23,018	23,841	23,302	23,244	15,163	16,454	1,016	-0,052	1,039	-5,017	-3,993	-0,038	-4,995	8,696	1,796	1,501	1,095	1,283	1,099	1,051	1,086	1,098	-15001,197	-2500,786	-76,270	1,040	0,846	2,727	6,103	0,753	2,620	12,392	42,082	26,921	23,628	25,703	0,979	9,045	107,393	1003,591	-25,011	0,644	0,619	NaN	0,496	0,689	8,172
10:56:06,250	20,389	23,965	23,749	-24,983	23,835	-0,001	25,067	23,907	22,779	23,282	23,050	-24,923	23,013	23,835	23,302	23,203	15,161	16,402	1,007	-0,045	1,037	-5,017	-3,990	0,048	-4,995	8,687	1,802	1,491	1,093	1,274	1,099	1,057	1,087	1,114	-15001,521	-2499,111	-68,251	1,018	0,856	2,748	6,102	0,768	2,620	12,379	42,190	26,879	23,926	25,705	0,975	9,039	107,446	996,922	-25,006	0,649	0,619	NaN	0,494	0,687	8,719
10:56:06,782	20,373	23,921	23,792	-24,917	23,855	-0,001	25,081	23,897	22,811	23,289	23,076	-24,934	22,989	23,803	23,315	23,207	15,196	16,342	1,000	-0,059	1,036	-5,015	-3,988	-0,005	-4,993	8,685	1,794	1,496	1,098	1,268	1,081	1,056	1,099	1,087	-15001,627	-2498,219	-62,472	1,010	0,866	2,760	6,060	0,759	2,618	12,427	42,204	26,969	23,737	25,644	1,001	9,048	107,566	1001,818	-25,000	0,652	0,618	NaN	0,493	0,692	9,219
10:56:07,266	20,399	23,886	23,820	-24,993	23,853	-0,001	25,100	23,878	22,845	23,303	23,077	-24,915	23,004	23,858	23,335	23,222	15,139	16,405	1,017	-0,055	1,036	-5,017	-3,991	-0,003	-4,993	8,695	1,791	1,494	1,110	1,279	1,096	1,060	1,092	1,098	-15000,347	-2499,788	-58,460	1,041	0,975	2,713	6,098	0,756	2,615	12,341	42,180	26,904	23,736	25,886	1,025	9,053	107,411	999,323	-25,009	0,640	0,617	NaN	0,493	0,691	9,734
10:56:07,797	20,369	23,928	23,698	-24,946	23,876	-0,001	25,120	23,865	22,798	23,336	23,087	-24,935	23,033	23,850	23,263	23,213	15,183	16,413	1,012	-0,047	1,032	-5,019	-3,990	0,015	-4,992	8,687	1,796	1,485	1,094	1,280	1,095	1,045	1,094	1,106	-15003,426	-2499,910	-59,716	1,018	0,956	2,727	6,089	0,754	2,608	12,377	42,120	26,854	23,675	25,895	0,963	8,963	106,940	1002,627	-25,012	0,644	0,616	NaN	0,497	0,690	10,219
10:56:08,282	20,374	23,877	23,740	-24,946	23,857	-0,001	25,174	23,880	22,775	23,284	23,069	-24,980	23,014	23,866	23,297	23,154	15,138	16,379	1,009	-0,068	1,042	-5,016	-3,993	-0,008	-4,993	8,689	1,796	1,490	1,103	1,270	1,093	1,045	1,081	1,109	-15002,275	-2499,525	-62,132	1,044	0,965	2,755	6,137	0,740	2,613	12,398	42,166	26,905	23,737	25,695	0,956	8,999	106,648	996,443	-25,018	0,650	0,617	NaN	0,497	0,688	10,750
10:56:08,813	20,409	23,895	23,727	-24,994	24,006	-0,001	25,155	23,867	22,797	23,284	23,105	-25,030	22,998	23,852	23,249	23,190	15,159	16,369	1,006	-0,066	1,038	-5,017	-3,990	-0,047	-4,995	8,686	1,783	1,504	1,106	1,261	1,100	1,059	1,084	1,117	-15002,187	-2499,265	-73,960	1,053	0,909	2,781	6,130	0,753	2,611	12,394	42,170	26,904	23,852	25,634	0,974	8,942	106,562	1000,770	-25,014	0,657	0,616	NaN	0,497	0,691	11,234
10:56:09,282	20,401	23,896	23,705	-24,924	23,849	-0,001	25,061	23,905	22,816	23,274	23,071	-24,994	23,004	23,838	23,226	23,193	15,162	16,371	0,991	-0,047	1,033	-5,014	-3,993	-0,003	-4,993	8,692	1,805	1,489	1,100	1,274	1,092	1,054	1,082	1,101	-15001,182	-2499,018	-72,437	1,014	1,026	2,745	6,140	0,761	2,609	12,391	42,195	26,925	23,783	25,717	0,962	8,965	106,474	997,186	-25,009	0,648	0,616	NaN	0,493	0,697	11,765
10:56:09,828	20,437	23,901	23,746	-24,947	23,940	-0,001	25,112	23,895	22,841	23,279	23,051	-24,927	22,998	23,905	23,215	23,232	15,162	16,391	1,013	-0,059	1,038	-5,017	-3,993	0,117	-4,994	8,689	1,791	1,497	1,100	1,273	1,106	1,068	1,085	1,106	-15002,478	-2498,848	-56,944	1,024	0,727	2,669	6,141	0,754	2,623	12,385	42,166	26,936	23,738	25,771	0,945	9,054	107,070	997,817	-25,005	0,630	0,619	NaN	0,489	0,697	12,250
10:56:10,203	20,401	23,897	23,698	-24,937	23,904	-0,001	25,170	23,874	22,795	23,269	23,102	-24,977	22,982	23,827	23,217	23,214	15,155	16,380	1,012	-0,076	1,040	-5,017	-3,995	0,020	-4,991	8,683	1,796	1,496	1,087	1,276	1,090	1,054	1,105	1,107	-15001,943	-2500,007	-46,911	1,032	0,922	2,645	6,088	0,747	2,609	12,436	42,176	26,867	23,886	25,809	0,986	8,990	105,853	1001,837	-25,013	0,625	0,616	NaN	0,490	0,702	12,781
10:56:10,766	20,394	23,885	23,705	-24,939	23,793	-0,001	25,112	23,866	22,779	23,259	23,057	-24,944	23,046	23,835	23,228	23,189	15,167	16,401	1,012	-0,035	1,039	-5,018	-3,992	0,001	-4,993	8,688	1,805	1,486	1,095	1,280	1,077	1,055	1,075	1,109	-15001,327	-2499,914	-75,099	1,025	0,987	2,623	6,184	0,761	2,615	12,418	42,162	26,887	23,631	25,791	0,943	8,974	106,700	998,210	-25,010	0,619	0,617	NaN	0,491	0,699	13,156
10:56:11,250	20,427	23,885	23,760	-24,930	23,935	-0,001	25,105	23,870	22,767	23,261	23,048	-24,904	23,020	23,853	23,203	23,231	15,110	16,389	0,995	-0,042	1,040	-5,016	-3,990	-0,007	-4,992	8,689	1,782	1,500	1,095	1,260	1,104	1,057	1,084	1,094	-15002,754	-2499,776	-72,887	1,017	0,922	2,655	6,155	0,762	2,618	12,415	42,256	26,933	23,676	25,695	0,989	8,976	107,201	1001,420	-25,007	0,627	0,618	NaN	0,492	0,697	13,703
10:56:11,813	20,401	23,932	23,710	-24,915	23,836	-0,001	25,081	23,878	22,808	23,225	23,036	-24,932	23,005	23,800	23,162	23,208	15,168	16,393	1,004	-0,045	1,045	-5,017	-3,990	0,013	-4,993	8,682	1,793	1,501	1,099	1,277	1,098	1,063	1,087	1,109	-14998,612	-2498,961	-68,275	1,029	1,009	2,677	6,143	0,754	2,610	12,417	42,184	26,904	23,752	25,764	0,943	8,993	107,301	998,251	-25,010	0,632	0,616	NaN	0,492	0,693	14,219
10:56:12,282	20,391	23,887	23,721	-24,944	23,942	-0,001	25,064	23,861	22,802	23,172	23,090	-24,986	22,970	23,863	23,222	23,212	15,145	16,424	1,007	-0,038	1,035	-5,014	-3,991	0,015	-4,992	8,693	1,810	1,486	1,100	1,280	1,087	1,052	1,101	1,099	-14999,139	-2498,941	-68,518	1,044	0,936	2,698	6,093	0,750	2,607	12,426	42,112	26,861	23,642	25,754	0,870	9,007	107,295	1003,438	-25,016	0,637	0,615	NaN	0,492	0,697	14,750
10:56:12,813	20,463	23,886	23,726	-24,925	24,072	-0,001	25,069	23,863	22,800	23,180	23,040	-24,932	23,042	23,843	23,256	23,213	15,103	16,414	1,011	-0,054	1,041	-5,017	-3,990	-0,057	-4,990	8,683	1,793	1,495	1,092	1,274	1,085	1,055	1,084	1,106	-15002,430	-2500,031	-66,075	1,059	0,939	2,675	6,147	0,760	2,611	12,405	42,142	26,885	23,760	25,862	1,027	9,014	107,714	998,706	-25,009	0,632	0,616	NaN	0,494	0,694	15,234
10:56:13,282	20,414	23,934	23,726	-24,976	23,879	-0,001	25,162	23,872	22,802	23,164	23,095	-24,964	23,036	23,918	23,206	23,215	15,174	16,402	1,021	-0,049	1,039	-5,018	-3,988	0,089	-4,994	8,692	1,798	1,495	1,098	1,278	1,082	1,064	1,065	1,111	-14999,553	-2499,622	-68,721	0,998	0,910	2,728	6,188	0,790	2,610	12,440	42,182	26,885	23,931	25,725	0,976	8,981	107,465	999,937	-25,015	0,644	0,616	NaN	0,498	0,690	15,765
10:56:13,797	20,416	23,906	23,709	-24,920	23,897	-0,001	25,123	23,880	22,810	23,186	23,116	-24,906	23,023	23,848	23,232	23,142	15,194	16,367	1,013	-0,063	1,043	-5,018	-3,991	-0,097	-4,992	8,686	1,804	1,487	1,085	1,280	1,105	1,055	1,086	1,105	-15000,776	-2498,434	-73,195	1,047	0,954	2,752	6,135	0,780	2,607	12,389	42,214	26,889	23,677	25,805	0,920	9,011	107,760	995,338	-24,992	0,650	0,615	NaN	0,494	0,694	16,234
10:56:14,282	20,392	23,898	23,719	-24,953	23,813	-0,001	25,153	23,894	22,811	23,167	23,040	-24,915	22,982	23,878	23,285	23,186	15,184	16,435	1,012	-0,061	1,040	-5,019	-3,996	-0,012	-4,995	8,683	1,796	1,493	1,110	1,275	1,088	1,064	1,068	1,107	-14999,966	-2500,344	-70,763	1,029	0,974	2,737	6,195	0,781	2,605	12,409	42,168	26,880	23,783	25,737	1,006	9,044	106,672	1002,522	-25,010	0,646	0,615	NaN	0,493	0,694	16,750
10:56:14,797	20,411	23,900	23,742	-24,939	23,912	-0,001	25,162	23,892	22,837	23,181	23,080	-24,918	23,000	23,860	23,184	23,183	15,135	16,424	1,016	-0,054	1,044	-5,018	-3,992	-0,103	-4,991	8,694	1,800	1,493	1,096	1,265	1,101	1,047	1,095	1,102	-15003,531	-2499,395	-81,008	1,047	0,933	2,690	6,107	0,765	2,608	12,401	42,165	26,944	23,653	25,793	0,993	8,991	106,189	996,049	-25,004	0,635	0,616	NaN	0,488	0,698	17,234
10:56:15,282	20,404	23,885	23,739	-24,931	23,824	-0,001	25,074	23,884	22,844	23,199	23,113	-24,926	23,009	23,872	23,214	23,187	15,124	16,441	1,005	-0,050	1,043	-5,017	-3,991	0,064	-4,996	8,677	1,788	1,502	1,091	1,286	1,109	1,051	1,084	1,125	-15002,032	-2500,048	-74,840	1,044	0,999	2,658	6,149	0,769	2,611	12,393	42,181	26,893	23,744	25,754	1,023	8,986	106,480	1004,545	-25,012	0,628	0,617	NaN	0,490	0,695	17,750
10:56:15,813	20,360	23,873	23,723	-24,952	23,830	-0,002	25,072	23,890	22,808	23,189	23,081	-24,942	23,026	23,872	23,313	23,227	15,149	16,370	1,001	-0,045	1,041	-5,017	-3,988	-0,037	-4,992	8,696	1,796	1,500	1,094	1,269	1,090	1,067	1,111	1,119	-15001,416	-2499,582	-70,111	1,040	0,959	2,658	6,069	0,753	2,592	12,349	42,168	26,870	23,707	25,539	0,983	9,005	106,106	1000,870	-25,012	0,627	0,612	NaN	0,492	0,691	18,234
10:56:16,297	20,403	23,881	23,771	-24,945	23,793	-0,001	25,045	23,900	22,812	23,231	23,083	-24,944	23,004	23,858	23,149	23,171	15,110	16,403	1,003	-0,054	1,042	-5,016	-3,993	-0,041	-4,994	8,698	1,809	1,499	1,092	1,278	1,088	1,039	1,091	1,116	-15002,397	-2498,710	-60,952	1,013	0,972	2,738	6,114	0,753	2,609	12,352	42,161	26,885	23,682	25,541	1,107	8,942	106,454	1003,589	-25,010	0,647	0,616	NaN	0,496	0,688	18,765
10:56:16,828	20,405	23,868	23,720	-24,946	23,823	-0,001	25,096	23,907	22,803	23,208	23,108	-24,904	23,034	23,856	23,229	23,223	15,165	16,409	1,000	-0,045	1,038	-5,017	-3,991	0,001	-4,991	8,697	1,805	1,484	1,099	1,266	1,099	1,068	1,102	1,107	-15000,873	-2500,028	-65,949	1,031	0,948	2,758	6,078	0,734	2,611	12,393	42,194	26,907	23,661	25,869	0,988	8,908	106,845	998,773	-25,010	0,651	0,616	NaN	0,494	0,687	19,250
10:56:17,203	20,432	23,887	23,668	-24,985	23,987	-0,001	25,059	23,913	22,797	23,164	23,059	-24,935	23,058	23,871	23,212	23,227	15,107	16,365	1,013	-0,041	1,043	-5,016	-3,989	0,035	-4,990	8,694	1,791	1,484	1,095	1,277	1,101	1,056	1,090	1,091	-15001,870	-2499,829	-55,506	1,040	0,797	2,781	6,103	0,756	2,599	12,404	42,119	26,935	23,732	25,740	1,054	8,929	106,628	1004,324	-25,010	0,657	0,614	NaN	0,497	0,688	19,781
10:56:17,766	20,434	23,895	23,749	-24,961	23,862	-0,001	25,053	23,917	22,811	23,161	23,093	-24,928	23,020	23,866	23,228	23,193	15,145	16,359	1,009	-0,055	1,038	-5,017	-3,989	0,169	-4,991	8,682	1,796	1,487	1,096	1,285	1,096	1,065	1,098	1,119	-15001,570	-2499,448	-59,125	1,043	0,967	2,756	6,075	0,752	2,595	12,369	42,125	26,913	23,623	25,667	0,986	8,968	107,642	995,949	-25,007	0,651	0,613	NaN	0,492	0,693	20,156
10:56:18,236	20,407	23,886	23,752	-24,971	23,884	-0,001	25,133	23,885	22,808	23,182	23,057	-24,960	23,030	23,841	23,251	23,217	15,164	16,407	1,015	-0,041	1,036	-5,016	-3,988	-0,013	-4,994	8,684	1,785	1,498	1,086	1,281	1,104	1,054	1,076	1,109	-15001,789	-2499,963	-69,576	1,043	0,942	2,720	6,140	0,763	2,593	12,400	42,204	26,925	23,601	25,750	0,987	8,965	107,034	1001,802	-25,011	0,642	0,612	NaN	0,492	0,691	20,719
10:56:18,594	20,390	23,889	23,710	-24,936	23,832	-0,001	25,106	23,927	22,828	23,164	23,104	-24,927	22,988	23,832	23,228	23,221	15,173	16,361	1,007	-0,037	1,045	-5,018	-3,992	0,030	-4,992	8,684	1,796	1,490	1,090	1,278	1,084	1,051	1,094	1,109	-15003,597	-2499,322	-79,763	0,998	0,837	2,728	6,092	0,768	2,585	12,370	42,181	26,916	23,808	25,770	0,998	8,973	106,450	1000,762	-25,006	0,644	0,610	NaN	0,489	0,693	21,187
10:56:19,078	20,415	23,857	23,720	-24,962	23,894	-0,001	25,068	23,881	22,803	23,214	23,094	-24,958	23,032	23,867	23,199	23,156	15,116	16,422	1,020	-0,043	1,044	-5,015	-3,991	-0,052	-4,991	8,682	1,808	1,495	1,092	1,268	1,112	1,056	1,074	1,133	-15001,197	-2500,137	-80,084	1,022	0,900	2,717	6,144	0,774	2,589	12,389	42,236	26,874	23,715	25,712	1,000	9,000	106,737	1004,559	-25,010	0,641	0,611	NaN	0,490	0,691	21,547
10:56:19,563	20,394	23,851	23,694	-24,955	23,897	-0,001	25,149	23,894	22,792	23,204	23,078	-24,923	23,027	23,870	23,199	23,223	15,152	16,371	1,011	-0,045	1,038	-5,016	-3,990	0,029	-4,991	8,688	1,790	1,481	1,110	1,281	1,080	1,065	1,095	1,092	-15003,499	-2499,817	-84,934	1,040	0,957	2,712	6,069	0,771	2,589	12,405	42,254	26,870	23,746	25,751	1,033	9,006	106,695	1004,157	-25,011	0,640	0,611	NaN	0,490	0,693	22,031
10:56:20,078	20,418	23,895	23,665	-24,956	23,837	-0,001	25,151	23,902	22,796	23,225	23,100	-24,952	23,014	23,890	23,169	23,225	15,125	16,381	1,011	-0,055	1,047	-5,016	-3,992	-0,014	-4,994	8,687	1,801	1,490	1,104	1,276	1,090	1,061	1,095	1,106	-15001,821	-2498,734	-75,488	1,013	0,957	2,693	6,075	0,761	2,587	12,382	42,176	26,853	23,717	25,726	0,987	8,951	107,553	999,436	-25,010	0,636	0,611	NaN	0,488	0,690	22,531
10:56:20,578	20,399	23,855	23,738	-24,938	23,888	-0,001	25,048	23,944	22,792	23,194	23,098	-24,896	23,026	23,820	23,209	23,176	15,147	16,408	1,010	-0,037	1,040	-5,017	-3,992	-0,039	-4,994	8,675	1,812	1,503	1,086	1,270	1,088	1,058	1,100	1,118	-15001,813	-2498,819	-61,990	1,005	1,045	2,716	6,049	0,763	2,587	12,407	42,191	26,902	23,692	25,761	0,984	9,039	106,974	1006,364	-25,012	0,641	0,611	NaN	0,494	0,691	23,031
10:56:21,078	20,405	23,867	23,700	-24,991	23,836	-0,001	25,163	23,882	22,805	23,195	23,056	-24,941	23,027	23,838	23,201	23,224	15,118	16,355	1,021	-0,056	1,030	-5,018	-3,994	0,064	-4,995	8,680	1,805	1,496	1,103	1,275	1,094	1,046	1,084	1,102	-15001,765	-2499,371	-60,478	1,026	0,914	2,720	6,083	0,763	2,587	12,375	42,185	26,916	23,710	25,703	0,985	8,939	107,312	997,157	-25,002	0,642	0,611	NaN	0,494	0,687	23,531
10:56:21,563	20,403	23,861	23,741	-24,952	23,832	-0,001	25,167	23,874	22,796	23,233	23,063	-24,945	23,047	23,839	23,177	23,224	15,178	16,413	1,024	-0,042	1,036	-5,016	-3,994	-0,087	-4,992	8,689	1,795	1,501	1,084	1,289	1,088	1,056	1,078	1,110	-15000,468	-2499,533	-59,384	1,035	0,941	2,781	6,093	0,757	2,568	12,398	42,124	26,892	23,766	25,709	1,000	8,936	107,338	1001,174	-25,012	0,657	0,606	NaN	0,494	0,688	24,015
10:56:22,047	20,381	23,884	23,688	-24,968	23,706	-0,001	25,217	23,904	22,841	23,185	23,047	-24,915	23,039	23,812	23,208	23,201	15,150	16,389	1,013	-0,036	1,042	-5,018	-3,990	-0,026	-4,989	8,679	1,794	1,492	1,100	1,267	1,097	1,062	1,088	1,136	-15004,934	-2498,957	-66,143	1,005	0,991	2,755	6,069	0,768	2,582	12,381	42,219	26,909	23,620	25,705	1,002	8,939	107,118	995,400	-25,009	0,651	0,610	NaN	0,492	0,689	24,515
10:56:22,532	20,403	23,865	23,748	-24,973	23,893	-0,001	25,098	23,891	22,781	23,200	23,070	-24,888	23,050	23,870	23,230	23,194	15,186	16,371	1,001	-0,061	1,039	-5,019	-3,989	-0,020	-4,993	8,696	1,798	1,490	1,097	1,270	1,099	1,061	1,076	1,106	-15000,524	-2499,638	-62,294	1,052	0,874	2,751	6,094	0,763	2,576	12,414	42,184	26,895	23,774	25,683	0,991	8,921	106,244	1000,611	-25,011	0,650	0,608	NaN	0,492	0,685	25,000
10:56:23,016	20,418	23,949	23,683	-24,963	23,874	-0,001	25,100	23,930	22,765	23,221	23,104	-24,933	23,017	23,869	23,205	23,201	15,151	16,386	1,001	-0,048	1,036	-5,012	-3,993	-0,111	-4,989	8,680	1,792	1,506	1,098	1,283	1,103	1,070	1,114	1,120	-15000,809	-2499,930	-80,181	1,020	0,899	2,752	5,993	0,759	2,585	12,397	42,162	26,922	23,777	25,609	0,984	8,902	106,184	1001,091	-25,015	0,650	0,610	NaN	0,488	0,690	25,500
10:56:23,516	20,383	23,910	23,667	-25,004	23,873	-0,001	25,097	23,907	22,794	23,213	23,099	-24,950	23,003	23,848	23,244	23,174	15,049	16,398	1,017	-0,046	1,042	-5,017	-3,995	-0,007	-4,995	8,682	1,807	1,495	1,098	1,275	1,101	1,044	1,096	1,129	-15000,185	-2499,565	-81,170	1,043	0,902	2,716	6,053	0,768	2,574	12,401	42,197	26,912	23,745	25,626	0,957	8,973	106,801	1004,295	-25,007	0,641	0,608	NaN	0,490	0,695	25,969
10:56:24,032	20,393	23,870	23,698	-24,949	23,865	-0,001	24,986	23,951	22,776	23,205	23,025	-24,872	23,022	23,835	23,257	23,205	15,166	16,426	1,013	-0,045	1,036	-5,016	-3,991	-0,021	-4,992	8,681	1,799	1,482	1,101	1,288	1,087	1,045	1,070	1,100	-15000,752	-2499,748	-69,333	1,037	0,961	2,688	6,115	0,783	2,569	12,417	42,148	26,931	23,640	25,600	0,985	8,946	106,878	998,183	-25,009	0,635	0,607	NaN	0,490	0,688	26,469
10:56:24,486	20,392	23,888	23,707	-24,949	23,920	-0,001	25,073	23,929	22,811	23,196	23,096	-24,936	22,975	23,861	23,240	23,154	15,160	16,389	1,013	-0,029	1,040	-5,017	-3,991	-0,031	-4,990	8,689	1,798	1,495	1,107	1,291	1,095	1,070	1,090	1,110	-15001,067	-2499,922	-60,588	1,027	0,844	2,749	6,061	0,785	2,564	12,426	42,216	26,935	23,687	25,607	0,996	8,969	106,831	1004,066	-25,019	0,649	0,605	NaN	0,495	0,686	26,984
10:56:25,016	20,432	23,877	23,687	-24,933	23,911	-0,001	25,086	23,898	22,794	23,188	23,066	-24,958	22,968	23,835	23,209	23,121	15,117	16,396	1,017	-0,047	1,039	-5,017	-3,992	-0,099	-4,992	8,690	1,793	1,497	1,096	1,279	1,087	1,054	1,094	1,110	-15000,062	-2499,103	-70,151	1,038	0,965	2,763	6,048	0,775	2,566	12,414	42,174	26,889	23,649	25,568	1,023	9,004	106,868	995,960	-25,013	0,652	0,606	NaN	0,490	0,689	27,437
10:56:25,516	20,376	23,908	23,696	-24,971	23,846	-0,001	25,089	23,875	22,772	23,189	23,068	-24,901	22,978	23,845	23,247	23,203	15,151	16,392	1,013	-0,060	1,039	-5,016	-3,989	-0,206	-4,993	8,681	1,802	1,496	1,083	1,279	1,107	1,053	1,081	1,105	-15001,392	-2499,894	-54,772	1,028	0,964	2,753	6,089	0,784	2,573	12,370	42,164	26,866	23,670	25,675	0,917	8,989	106,715	1004,276	-25,009	0,650	0,608	NaN	0,493	0,689	27,969
10:56:26,047	20,391	23,897	23,720	-24,958	23,895	-0,001	25,182	23,902	22,798	23,192	23,062	-24,899	22,978	23,887	23,263	23,213	15,129	16,389	1,017	-0,053	1,031	-5,017	-3,992	0,117	-4,990	8,679	1,790	1,480	1,101	1,284	1,080	1,064	1,089	1,102	-15002,316	-2499,294	-57,597	1,007	0,903	2,738	6,073	0,778	2,563	12,422	42,164	26,926	23,748	25,664	1,028	9,006	106,922	1001,134	-25,000	0,646	0,605	NaN	0,487	0,692	28,469
10:56:26,547	20,385	23,927	23,730	-24,940	23,856	-0,001	25,153	23,943	22,801	23,197	23,097	-24,835	23,032	23,852	23,197	23,227	15,189	16,406	1,010	-0,030	1,034	-5,018	-3,994	-0,015	-4,996	8,685	1,806	1,487	1,102	1,261	1,091	1,056	1,088	1,110	-15000,590	-2499,813	-78,661	1,018	0,930	2,694	6,061	0,760	2,555	12,352	42,195	26,904	23,791	25,583	1,065	8,939	106,774	1004,629	-25,010	0,636	0,603	NaN	0,491	0,691	29,000
10:56:27,032	20,380	23,935	23,687	-24,943	23,974	-0,001	25,224	23,897	22,792	23,189	23,065	-24,923	22,991	23,868	23,214	23,259	15,126	16,416	1,001	-0,010	1,038	-5,017	-3,994	0,005	-4,993	8,683	1,793	1,491	1,103	1,272	1,095	1,066	1,085	1,100	-15001,595	-2499,427	-79,593	0,997	0,962	2,717	6,079	0,769	2,554	12,441	42,158	26,900	23,614	25,637	0,968	8,990	107,288	998,612	-25,012	0,642	0,603	NaN	0,489	0,691	29,500
10:56:27,532	20,402	23,914	23,678	-24,956	23,904	-0,001	25,119	23,849	22,826	23,202	23,047	-24,982	23,037	23,889	23,216	23,263	15,139	16,405	0,993	-0,047	1,038	-5,019	-3,994	0,070	-4,993	8,683	1,803	1,506	1,088	1,279	1,094	1,057	1,105	1,121	-15005,185	-2499,148	-70,382	1,016	0,930	2,706	6,041	0,782	2,547	12,376	42,133	26,865	23,648	25,578	0,985	8,992	107,183	1005,348	-25,012	0,639	0,601	NaN	0,488	0,697	30,000
10:56:28,016	20,436	23,968	23,744	-24,971	23,858	-0,001	25,050	23,866	22,808	23,153	23,114	-24,937	23,011	23,872	23,206	23,235	15,214	16,382	0,998	-0,039	1,043	-5,018	-3,995	-0,051	-4,992	8,676	1,796	1,493	1,096	1,303	1,096	1,053	1,076	1,104	-15001,076	-2501,065	-74,767	1,057	1,122	2,651	6,104	0,787	2,555	12,390	42,175	26,924	23,661	25,685	0,983	8,985	107,057	995,947	-25,006	0,626	0,603	NaN	0,487	0,696	30,500
10:56:28,516	20,405	23,937	23,686	-24,995	23,880	-0,001	25,164	23,864	22,801	23,185	23,099	-24,963	23,043	23,868	23,232	23,267	15,136	16,399	1,006	-0,043	1,036	-5,016	-3,992	-0,128	-4,992	8,672	1,804	1,502	1,103	1,279	1,081	1,061	1,093	1,116	-14999,333	-2499,391	-90,032	1,018	1,017	2,655	6,067	0,781	2,541	12,354	42,132	26,946	23,680	25,646	0,965	8,970	107,045	1003,144	-25,009	0,627	0,600	NaN	0,490	0,692	30,969
10:56:29,032	20,387	23,926	23,745	-24,941	23,863	-0,001	25,067	23,878	22,785	23,169	23,096	-24,860	23,055	23,904	23,246	23,314	15,142	16,429	1,010	-0,039	1,047	-5,018	-3,991	0,054	-4,993	8,677	1,795	1,499	1,091	1,283	1,098	1,056	1,082	1,094	-15000,362	-2500,267	-70,167	1,037	0,949	2,705	6,086	0,776	2,546	12,374	42,146	26,869	23,764	25,719	1,028	8,985	106,992	996,661	-25,007	0,639	0,601	NaN	0,494	0,688	31,469
10:56:29,486	20,401	23,945	23,754	-24,932	23,933	-0,001	25,016	23,860	22,809	23,234	23,077	-24,926	22,977	23,844	23,326	23,322	15,146	16,402	1,005	-0,047	1,038	-5,017	-3,994	0,068	-4,993	8,683	1,792	1,492	1,101	1,281	1,078	1,061	1,086	1,105	-15002,397	-2499,419	-61,078	1,041	0,944	2,756	6,075	0,792	2,542	12,398	42,173	26,922	23,815	25,689	0,988	8,958	106,997	997,838	-25,013	0,651	0,600	NaN	0,493	0,687	31,984
10:56:30,000	20,359	23,942	23,776	-24,939	23,799	-0,001	25,092	23,867	22,818	23,221	23,085	-24,960	23,008	23,786	23,299	23,314	15,121	16,432	1,018	-0,036	1,044	-5,016	-3,990	-0,022	-4,995	8,679	1,799	1,493	1,101	1,282	1,083	1,054	1,081	1,105	-15003,450	-2498,162	-69,065	1,028	0,926	2,765	6,079	0,788	2,544	12,430	42,154	26,906	23,850	25,715	1,021	8,939	106,459	996,464	-25,005	0,653	0,601	NaN	0,487	0,693	32,437
10:56:30,469	20,391	23,887	23,712	-24,949	23,877	-0,001	25,076	23,882	22,800	23,240	23,039	-24,901	23,053	23,858	23,328	23,291	15,142	16,340	1,011	-0,044	1,035	-5,016	-3,992	0,047	-4,995	8,686	1,800	1,490	1,108	1,263	1,099	1,054	1,089	1,104	-15001,821	-2499,869	-86,527	1,027	0,875	2,683	6,064	0,784	2,544	12,418	42,117	26,957	23,740	25,665	1,004	8,968	106,002	1003,955	-25,010	0,633	0,601	NaN	0,485	0,692	32,953
10:56:31,000	20,393	23,921	23,753	-24,946	23,814	-0,001	25,115	23,840	22,803	23,278	23,082	-24,972	23,018	23,845	23,363	23,295	15,098	16,416	1,011	-0,042	1,044	-5,016	-3,994	-0,022	-4,994	8,687	1,799	1,492	1,099	1,272	1,092	1,049	1,112	1,094	-15001,992	-2499,533	-74,248	1,019	0,940	2,676	6,000	0,772	2,543	12,457	42,174	26,929	23,752	25,601	1,017	8,972	106,336	1005,197	-25,009	0,632	0,600	NaN	0,487	0,698	33,422
10:56:31,486	20,367	23,884	23,746	-24,969	23,832	-0,001	25,135	23,852	22,797	23,214	23,070	-24,959	23,060	23,838	23,376	23,334	15,155	16,397	1,009	-0,054	1,042	-5,017	-3,993	0,062	-4,992	8,685	1,794	1,479	1,108	1,267	1,097	1,068	1,063	1,110	-15000,590	-2500,052	-72,838	1,042	0,939	2,650	6,135	0,771	2,544	12,391	42,221	26,896	23,733	25,712	1,091	9,014	107,574	997,033	-25,011	0,626	0,601	NaN	0,487	0,693	33,953
10:56:32,000	20,376	23,921	23,714	-24,938	23,829	-0,001	25,160	23,911	22,804	23,302	23,097	-24,935	23,029	23,824	23,333	23,347	15,168	16,349	1,013	-0,042	1,039	-5,017	-3,993	-0,057	-4,994	8,671	1,796	1,492	1,105	1,269	1,098	1,075	1,086	1,105	-15002,057	-2500,157	-63,542	1,037	0,936	2,695	6,071	0,760	2,541	12,432	42,122	26,943	23,733	25,682	0,994	8,960	106,855	1005,556	-25,014	0,636	0,600	NaN	0,491	0,691	34,437
10:56:32,500	20,380	23,890	23,662	-24,916	23,921	-0,001	25,194	23,848	22,778	23,257	23,071	-24,887	23,020	23,862	23,375	23,280	15,161	16,375	1,016	-0,057	1,038	-5,015	-3,989	0,037	-4,994	8,690	1,798	1,490	1,089	1,279	1,097	1,054	1,090	1,108	-15001,700	-2500,036	-70,005	1,027	0,867	2,702	6,050	0,761	2,548	12,379	42,161	26,887	23,587	25,574	1,014	8,997	107,519	995,510	-25,016	0,638	0,602	NaN	0,485	0,693	34,953
10:56:33,016	20,367	23,933	23,715	-24,967	23,863	-0,001	25,074	23,901	22,791	23,263	23,101	-24,917	23,000	23,862	23,343	23,318	15,153	16,383	1,005	-0,046	1,044	-5,016	-3,989	-0,026	-4,990	8,686	1,814	1,488	1,094	1,274	1,081	1,054	1,087	1,115	-14998,928	-2499,030	-70,686	0,991	0,957	2,687	6,056	0,764	2,532	12,413	42,181	26,899	23,639	25,638	0,983	9,017	107,153	1004,198	-25,006	0,634	0,598	NaN	0,494	0,684	35,453
10:56:33,500	20,404	23,855	23,694	-24,993	23,871	-0,001	25,183	23,905	22,785	23,286	23,091	-24,858	23,006	23,846	23,358	23,300	15,130	16,394	1,016	-0,052	1,044	-5,013	-3,991	0,069	-4,994	8,683	1,797	1,479	1,091	1,281	1,096	1,052	1,115	1,108	-15002,875	-2499,983	-62,334	1,040	0,865	2,762	5,990	0,796	2,539	12,401	42,217	26,906	23,650	25,677	1,006	9,012	107,730	995,559	-25,017	0,652	0,599	NaN	0,494	0,687	35,984
10:56:34,000	20,366	23,914	23,733	-24,954	23,882	-0,001	25,083	23,898	22,797	23,267	23,113	-24,935	23,036	23,838	23,369	23,306	15,196	16,413	1,015	-0,040	1,035	-5,016	-3,988	-0,091	-4,991	8,676	1,793	1,483	1,102	1,294	1,083	1,053	1,087	1,093	-15001,189	-2498,998	-61,382	1,030	0,872	2,765	6,074	0,788	2,530	12,369	42,130	26,928	23,884	25,557	0,981	8,988	107,338	1000,695	-25,017	0,653	0,597	NaN	0,494	0,689	36,469
10:56:34,469	20,380	23,874	23,686	-24,954	23,914	-0,001	25,120	23,915	22,827	23,271	23,079	-24,888	22,991	23,865	23,311	23,287	15,146	16,459	1,028	-0,047	1,042	-5,014	-3,993	-0,036	-4,993	8,687	1,803	1,490	1,096	1,274	1,085	1,046	1,088	1,120	-15001,902	-2499,861	-75,184	1,043	1,020	2,741	6,060	0,760	2,542	12,394	42,169	26,918	23,717	25,516	1,067	8,993	107,142	994,149	-25,009	0,647	0,600	NaN	0,488	0,690	36,953
10:56:35,000	20,402	23,887	23,714	-24,960	23,984	-0,001	25,218	23,882	22,813	23,256	23,085	-24,919	23,011	23,845	23,344	23,327	15,193	16,396	1,007	-0,058	1,047	-5,016	-3,994	-0,017	-4,992	8,679	1,799	1,497	1,115	1,276	1,094	1,060	1,108	1,104	-15001,465	-2500,133	-78,309	1,031	0,959	2,706	6,025	0,754	2,547	12,396	42,186	26,877	23,630	25,651	0,994	8,976	105,959	1002,357	-25,009	0,639	0,601	NaN	0,487	0,697	37,422
10:56:35,486	20,328	23,899	23,668	-24,976	23,928	-0,001	25,024	23,899	22,830	23,253	23,085	-24,984	22,987	23,895	23,268	23,301	15,141	16,410	1,011	-0,056	1,041	-5,018	-3,994	-0,086	-4,994	8,684	1,799	1,486	1,099	1,283	1,091	1,052	1,088	1,102	-15000,938	-2499,148	-72,493	1,083	1,010	2,649	6,082	0,764	2,531	12,421	42,121	26,893	24,069	25,636	0,949	8,961	106,288	999,749	-25,010	0,626	0,598	NaN	0,485	0,697	37,937
10:56:36,016	20,373	23,923	23,667	-24,952	23,908	-0,001	25,127	23,927	22,833	23,251	23,069	-24,923	23,012	23,812	23,300	23,309	15,143	16,379	1,002	-0,055	1,039	-5,020	-3,994	0,028	-4,994	8,666	1,802	1,502	1,102	1,264	1,087	1,066	1,098	1,122	-14999,747	-2500,226	-75,889	1,061	1,032	2,643	6,066	0,757	2,535	12,372	42,177	26,924	23,672	25,685	1,015	8,923	107,036	1005,585	-25,009	0,624	0,598	NaN	0,488	0,698	38,437
10:56:36,516	20,424	23,869	23,620	-24,945	23,856	-0,001	25,118	23,944	22,792	23,270	23,115	-24,935	22,988	23,847	23,315	23,260	15,158	16,342	1,011	-0,042	1,033	-5,016	-3,989	0,024	-4,994	8,682	1,802	1,484	1,091	1,291	1,103	1,058	1,092	1,114	-15002,502	-2498,852	-78,694	1,038	0,883	2,624	6,076	0,762	2,530	12,378	42,167	26,915	23,657	25,551	0,999	8,973	106,813	998,245	-25,013	0,620	0,597	NaN	0,486	0,696	38,969
10:56:37,016	20,375	23,912	23,653	-24,921	23,787	-0,001	24,976	23,891	22,804	23,303	23,056	-24,842	22,951	23,845	23,273	23,305	15,202	16,383	1,004	-0,043	1,043	-5,018	-3,992	-0,019	-4,993	8,679	1,784	1,498	1,093	1,283	1,097	1,059	1,075	1,109	-15003,346	-2499,273	-66,180	1,038	0,889	2,674	6,132	0,764	2,531	12,363	42,179	26,906	23,685	25,616	0,985	8,828	106,617	1005,585	-25,014	0,631	0,598	NaN	0,489	0,693	39,469
10:56:37,500	20,385	23,914	23,637	-24,967	23,826	-0,001	25,176	23,887	22,821	23,235	23,105	-24,892	22,957	23,880	23,246	23,290	15,173	16,430	1,007	-0,039	1,048	-5,017	-3,989	-0,013	-4,991	8,677	1,798	1,485	1,092	1,265	1,099	1,042	1,090	1,106	-14999,853	-2499,995	-74,840	0,997	0,941	2,690	6,079	0,780	2,527	12,386	42,166	26,912	23,656	25,716	0,984	8,840	106,818	998,270	-25,009	0,635	0,597	NaN	0,493	0,687	39,969
10:56:38,016	20,431	23,884	23,676	-24,922	23,788	-0,001	25,136	23,907	22,794	23,304	23,084	-24,981	22,990	23,836	23,291	23,314	15,130	16,400	1,014	-0,061	1,032	-5,017	-3,991	-0,008	-4,994	8,677	1,794	1,480	1,111	1,286	1,106	1,056	1,078	1,103	-15000,379	-2499,934	-68,842	1,015	0,959	2,782	6,109	0,768	2,527	12,400	42,120	26,883	23,601	25,598	0,996	9,001	106,800	1005,241	-25,011	0,657	0,597	NaN	0,495	0,687	40,453
10:56:38,532	20,400	23,930	23,678	-24,957	23,801	-0,001	25,092	23,874	22,788	23,267	23,101	-24,985	22,988	23,833	23,239	23,373	15,076	16,362	1,008	-0,039	1,043	-5,014	-3,993	-0,052	-4,993	8,687	1,796	1,490	1,099	1,279	1,076	1,060	1,084	1,106	-15001,627	-2500,202	-70,629	1,035	0,983	2,777	6,091	0,774	2,522	12,430	42,198	26,929	23,671	25,612	0,871	9,040	107,435	998,334	-25,010	0,656	0,595	NaN	0,488	0,693	40,969
10:56:39,032	20,365	23,908	23,626	-24,958	23,854	-0,001	25,152	23,851	22,794	23,297	23,079	-24,937	22,968	23,834	23,217	23,283	15,150	16,400	1,015	-0,042	1,044	-5,016	-3,991	-0,009	-4,992	8,681	1,795	1,498	1,095	1,276	1,104	1,055	1,082	1,114	-15000,087	-2499,642	-66,686	1,043	1,000	2,708	6,107	0,769	2,536	12,372	42,211	26,862	23,748	25,616	0,991	8,986	106,700	1004,190	-25,011	0,639	0,599	NaN	0,488	0,697	41,484
10:56:39,486	20,400	23,877	23,623	-24,954	23,910	-0,001	25,132	23,938	22,781	23,298	23,098	-24,923	22,978	23,840	23,241	23,308	15,174	16,401	1,021	-0,049	1,040	-5,014	-3,991	-0,040	-4,991	8,674	1,797	1,489	1,096	1,277	1,087	1,051	1,092	1,112	-14999,009	-2498,892	-77,745	1,031	0,913	2,641	6,089	0,739	2,523	12,359	42,174	26,914	23,752	25,839	0,960	9,055	106,730	999,646	-25,011	0,624	0,596	NaN	0,488	0,695	41,984
10:56:40,000	20,446	23,858	23,702	-24,917	23,881	-0,001	25,137	23,836	22,786	23,264	23,085	-24,908	22,973	23,870	23,253	23,301	15,156	16,343	1,005	-0,047	1,041	-5,019	-3,996	-0,014	-4,991	8,676	1,795	1,480	1,099	1,259	1,104	1,054	1,096	1,103	-15001,238	-2499,517	-77,997	1,012	0,983	2,673	6,079	0,758	2,531	12,366	42,173	26,837	23,641	25,519	0,985	9,016	107,302	1002,745	-25,008	0,631	0,598	NaN	0,493	0,698	42,437
10:56:40,486	20,409	23,910	23,635	-24,972	23,833	-0,001	25,145	23,864	22,759	23,315	23,080	-24,939	22,967	23,821	23,270	23,284	15,139	16,385	1,023	-0,049	1,035	-5,016	-3,991	0,088	-4,996	8,687	1,792	1,485	1,097	1,265	1,104	1,061	1,064	1,115	-15001,935	-2499,030	-78,349	1,031	0,920	2,677	6,178	0,779	2,529	12,406	42,176	26,928	23,612	25,644	0,985	8,865	106,878	996,488	-25,009	0,632	0,597	NaN	0,490	0,695	42,953
10:56:41,016	20,384	23,921	23,685	-24,955	23,872	-0,001	25,261	23,872	22,822	23,298	23,085	-24,941	22,923	23,851	23,215	23,333	15,165	16,437	0,998	-0,048	1,034	-5,017	-3,992	-0,036	-4,996	8,678	1,793	1,494	1,104	1,272	1,105	1,056	1,090	1,105	-15002,178	-2498,856	-72,360	1,052	0,947	2,676	6,108	0,780	2,517	12,362	42,210	26,904	23,553	25,698	1,019	8,928	106,576	1003,179	-25,008	0,632	0,594	NaN	0,492	0,695	43,437
10:56:41,516	20,403	23,946	23,681	-24,962	23,829	-0,001	25,132	23,904	22,811	23,255	23,071	-24,891	22,960	23,849	23,177	23,343	15,130	16,383	1,008	-0,044	1,047	-5,015	-3,988	0,020	-4,991	8,680	1,800	1,494	1,110	1,289	1,101	1,061	1,086	1,103	-15000,477	-2499,975	-68,713	1,029	0,934	2,684	6,117	0,768	2,527	12,377	42,138	26,865	23,720	25,814	0,939	8,976	106,742	996,461	-25,010	0,634	0,597	NaN	0,491	0,698	43,969
10:56:42,047	20,380	23,911	23,680	-24,951	23,852	-0,001	25,039	23,871	22,816	23,215	23,100	-24,959	22,974	23,827	23,229	23,338	15,166	16,394	1,007	-0,054	1,027	-5,019	-3,994	-0,073	-4,991	8,684	1,805	1,483	1,114	1,289	1,093	1,066	1,087	1,104	-15001,278	-2499,841	-52,706	1,015	0,950	2,654	6,124	0,770	2,521	12,411	42,185	26,821	23,766	25,537	0,982	8,953	106,900	1002,780	-25,009	0,627	0,595	NaN	0,492	0,695	44,469
10:56:42,563	20,359	23,938	23,660	-24,957	23,855	-0,001	25,144	23,907	22,789	23,239	23,061	-24,920	22,955	23,821	23,230	23,298	15,190	16,368	1,014	-0,059	1,045	-5,015	-3,994	-0,043	-4,992	8,683	1,803	1,489	1,101	1,275	1,101	1,058	1,073	1,100	-15000,168	-2499,541	-55,340	1,057	0,919	2,696	6,147	0,775	2,521	12,394	42,133	26,896	23,674	25,603	0,987	8,995	106,734	996,591	-25,013	0,636	0,595	NaN	0,490	0,694	45,000
10:56:43,047	20,368	23,904	23,631	-24,943	23,875	-0,001	25,069	23,896	22,819	23,238	23,051	-24,933	22,991	23,855	23,207	23,284	15,175	16,404	1,002	-0,050	1,039	-5,017	-3,992	0,036	-4,993	8,686	1,805	1,488	1,106	1,281	1,087	1,045	1,093	1,108	-14999,836	-2499,298	-92,780	1,003	0,929	2,690	6,098	0,772	2,529	12,397	42,118	26,887	23,698	25,678	0,948	8,991	106,662	1003,570	-25,010	0,635	0,597	NaN	0,494	0,690	45,515
10:56:43,547	20,407	23,895	23,692	-24,940	23,876	-0,001	25,077	23,871	22,810	23,196	23,049	-24,943	22,956	23,876	23,194	23,366	15,139	16,381	1,012	-0,044	1,040	-5,017	-3,992	-0,016	-4,992	8,681	1,796	1,521	1,097	1,287	1,090	1,059	1,101	1,121	-15003,693	-2499,529	-83,654	1,031	0,846	2,729	6,071	0,764	2,527	12,388	42,196	26,881	23,601	25,629	0,963	8,932	106,410	999,180	-25,009	0,644	0,597	NaN	0,491	0,693	46,000
10:56:44,032	20,368	23,865	23,677	-24,946	23,916	-0,001	25,054	23,868	22,790	23,236	23,027	-24,961	22,996	23,827	23,164	23,322	15,144	16,383	1,013	-0,040	1,038	-5,016	-3,988	-0,007	-4,991	8,682	1,803	1,487	1,097	1,289	1,088	1,060	1,095	1,114	-15002,940	-2499,148	-84,979	1,046	1,023	2,691	6,083	0,756	2,518	12,426	42,235	26,922	23,599	25,673	0,998	8,918	107,328	999,959	-25,008	0,635	0,595	NaN	0,490	0,698	46,500
10:56:44,532	20,409	23,885	23,733	-24,971	23,744	-0,001	25,087	23,926	22,815	23,171	23,044	-24,939	22,964	23,810	23,166	23,312	15,110	16,431	1,001	-0,035	1,043	-5,019	-3,991	-0,010	-4,993	8,687	1,800	1,496	1,099	1,275	1,099	1,052	1,074	1,108	-15001,384	-2500,174	-71,760	1,040	0,977	2,658	6,143	0,764	2,521	12,363	42,207	26,918	23,876	25,575	1,014	8,921	106,811	997,019	-25,011	0,627	0,595	NaN	0,489	0,697	47,000
10:56:44,969	20,396	23,862	23,709	-24,952	23,844	-0,001	25,154	23,972	22,797	23,147	23,036	-24,944	22,959	23,844	23,227	23,354	15,156	16,375	1,009	-0,054	1,036	-5,016	-3,992	0,027	-4,994	8,676	1,797	1,500	1,093	1,289	1,098	1,056	1,089	1,100	-15000,330	-2499,918	-59,007	0,992	0,948	2,652	6,091	0,761	2,519	12,409	42,124	26,899	23,802	25,589	1,087	8,992	106,385	999,221	-25,010	0,626	0,595	NaN	0,489	0,694	47,484
10:56:45,486	20,412	23,924	23,669	-24,947	23,857	-0,001	25,118	23,890	22,799	23,176	23,036	-24,988	23,016	23,851	23,157	23,308	15,141	16,417	1,002	-0,048	1,035	-5,016	-3,988	-0,013	-4,994	8,688	1,797	1,496	1,092	1,284	1,093	1,056	1,090	1,139	-14998,944	-2499,281	-60,280	1,029	0,970	2,684	6,083	0,767	2,518	12,385	42,101	26,920	23,718	25,566	1,063	9,016	106,064	1003,465	-25,008	0,634	0,595	NaN	0,491	0,695	47,937
10:56:46,000	20,412	23,866	23,682	-24,989	23,862	-0,001	25,051	23,913	22,786	23,174	22,980	-24,891	22,976	23,853	23,170	23,332	15,175	16,351	1,010	-0,046	1,042	-5,016	-3,992	0,122	-4,993	8,681	1,792	1,493	1,108	1,283	1,094	1,062	1,080	1,108	-15001,716	-2499,330	-69,179	1,022	0,926	2,690	6,115	0,761	2,521	12,360	42,227	26,885	23,731	25,364	0,982	9,004	107,196	997,108	-25,004	0,635	0,595	NaN	0,484	0,699	48,422
10:56:46,500	20,363	23,847	23,697	-24,964	23,865	-0,001	25,032	23,929	22,813	23,268	23,002	-24,881	22,960	23,786	23,195	23,282	15,179	16,427	1,009	-0,046	1,047	-5,016	-3,990	0,111	-4,993	8,697	1,792	1,521	1,085	1,301	1,094	1,061	1,086	1,103	-15000,882	-2499,675	-78,118	1,034	0,933	2,623	6,093	0,768	2,524	12,408	42,171	26,927	23,694	25,586	0,970	9,029	107,533	1002,721	-25,012	0,619	0,596	NaN	0,490	0,695	48,953
10:56:47,016	20,403	23,921	23,696	-24,966	23,918	-0,001	25,073	23,882	22,763	23,295	23,012	-24,939	22,993	23,845	23,237	23,313	15,166	16,390	1,017	-0,059	1,042	-5,015	-3,993	-0,010	-4,990	8,680	1,800	1,488	1,097	1,271	1,108	1,055	1,086	1,110	-15001,789	-2498,945	-82,843	1,054	0,843	2,672	6,083	0,764	2,513	12,377	42,177	26,950	23,753	25,627	0,988	9,038	107,364	995,742	-25,010	0,631	0,593	NaN	0,487	0,694	49,453
10:56:47,516	20,408	23,887	23,732	-24,949	23,835	-0,001	25,111	23,911	22,800	23,326	23,004	-24,939	22,988	23,785	23,193	23,289	15,114	16,452	1,012	-0,047	1,041	-5,015	-3,993	-0,018	-4,993	8,692	1,809	1,485	1,107	1,275	1,095	1,056	1,089	1,092	-15001,173	-2498,815	-61,597	1,028	0,943	2,679	6,067	0,773	2,515	12,457	42,143	26,922	23,838	25,654	0,995	9,013	107,457	1002,551	-25,007	0,633	0,594	NaN	0,489	0,698	49,969
10:56:48,016	20,376	23,859	23,667	-24,946	23,881	-0,001	25,133	23,884	22,820	23,271	23,030	-24,881	22,980	23,833	23,216	23,286	15,134	16,388	1,013	-0,048	1,041	-5,018	-3,992	0,026	-4,993	8,682	1,798	1,510	1,102	1,264	1,097	1,050	1,080	1,108	-14999,252	-2499,634	-74,037	1,030	0,851	2,638	6,095	0,780	2,526	12,347	42,136	26,915	23,747	25,637	0,986	9,017	107,223	994,556	-25,016	0,623	0,596	NaN	0,487	0,697	50,469
10:56:48,500	20,347	23,912	23,735	-24,972	23,871	-0,002	25,050	23,903	22,805	23,322	23,044	-24,919	23,005	23,899	23,245	23,299	15,112	16,369	1,022	-0,040	1,041	-5,016	-3,988	-0,081	-4,993	8,666	1,801	1,479	1,085	1,277	1,102	1,065	1,085	1,108	-15002,349	-2499,050	-67,469	1,011	0,975	2,643	6,079	0,792	2,534	12,403	42,185	26,935	23,762	25,475	1,005	8,984	107,430	998,984	-25,007	0,624	0,598	NaN	0,492	0,693	50,953
10:56:49,016	20,400	23,832	23,692	-25,000	23,883	-0,001	25,188	23,919	22,805	23,367	23,038	-24,873	23,002	23,869	23,232	23,276	15,159	16,384	1,010	-0,033	1,039	-5,017	-3,993	-0,041	-4,990	8,684	1,807	1,484	1,101	1,295	1,098	1,061	1,087	1,109	-15000,711	-2499,796	-80,541	1,009	0,976	2,688	6,079	0,795	2,516	12,421	42,208	26,907	23,610	25,563	0,987	8,946	106,385	995,319	-25,008	0,635	0,594	NaN	0,488	0,694	51,453
10:56:49,500	20,406	23,883	23,698	-24,946	23,852	-0,001	25,123	23,858	22,808	23,281	23,013	-24,978	22,983	23,842	23,198	23,309	15,127	16,362	0,995	-0,055	1,043	-5,017	-3,994	-0,070	-4,991	8,684	1,798	1,492	1,111	1,270	1,080	1,057	1,073	1,101	-15000,662	-2499,877	-78,750	1,008	0,952	2,703	6,121	0,788	2,514	12,398	42,251	26,869	23,796	25,583	1,115	8,970	106,305	1004,187	-25,016	0,638	0,594	NaN	0,494	0,688	51,969
10:56:49,986	20,403	23,863	23,690	-24,954	23,678	-0,001	25,068	23,934	22,839	23,302	23,013	-24,936	23,004	23,836	23,306	23,286	15,180	16,407	1,000	-0,053	1,038	-5,018	-3,995	0,013	-4,992	8,697	1,798	1,490	1,099	1,275	1,091	1,060	1,106	1,105	-15002,219	-2499,776	-70,577	1,037	0,914	2,743	6,045	0,792	2,522	12,376	42,190	26,918	23,831	25,665	0,963	8,976	105,957	999,466	-25,009	0,648	0,595	NaN	0,491	0,689	52,453
10:56:50,486	20,359	23,855	23,674	-24,964	23,760	-0,001	25,089	23,927	22,797	23,312	23,074	-24,934	22,997	23,846	23,194	23,239	15,138	16,420	1,008	-0,040	1,041	-5,015	-3,987	-0,056	-4,990	8,693	1,792	1,501	1,095	1,279	1,088	1,058	1,082	1,117	-15002,511	-2499,687	-61,678	1,010	1,217	2,753	6,107	0,796	2,528	12,362	42,180	26,905	23,722	25,707	0,901	8,974	106,734	1005,421	-25,006	0,650	0,597	NaN	0,493	0,692	52,937
10:56:51,000	20,393	23,838	23,693	-24,940	23,853	-0,001	25,154	23,927	22,806	23,322	23,071	-24,850	22,973	23,872	23,184	23,311	15,132	16,404	1,002	-0,050	1,046	-5,017	-3,997	-0,049	-4,990	8,674	1,789	1,501	1,093	1,280	1,083	1,062	1,102	1,108	-15003,305	-2499,817	-62,156	1,027	0,920	2,705	6,081	0,782	2,522	12,393	42,204	26,918	23,833	25,709	1,138	8,990	106,693	998,081	-25,010	0,639	0,595	NaN	0,489	0,696	53,437
10:56:51,486	20,394	23,849	23,742	-24,959	23,926	-0,001	25,070	23,893	22,838	23,315	23,031	-24,913	22,978	23,867	23,180	23,247	15,096	16,426	1,015	-0,050	1,044	-5,017	-3,993	-0,025	-4,994	8,671	1,793	1,498	1,107	1,269	1,094	1,066	1,099	1,100	-15001,449	-2500,433	-64,672	1,021	0,830	2,669	6,122	0,775	2,516	12,385	42,119	26,900	23,844	25,587	1,010	9,017	106,726	1005,246	-25,012	0,630	0,594	NaN	0,496	0,698	53,953
10:56:52,000	20,377	23,883	23,687	-24,956	23,746	-0,001	25,108	23,921	22,819	23,321	23,057	-24,934	22,998	23,836	23,210	23,263	15,155	16,392	1,023	-0,044	1,040	-5,016	-3,993	-0,018	-4,993	8,685	1,806	1,492	1,105	1,283	1,123	1,073	1,080	1,114	-15002,024	-2499,281	-69,414	1,038	0,934	2,687	6,206	0,768	2,520	12,452	42,225	26,913	23,896	25,605	0,880	9,001	106,800	998,552	-25,010	0,635	0,595	NaN	0,495	0,694	54,437
10:56:52,500	20,404	23,876	23,713	-24,938	23,860	-0,001	25,109	23,912	22,804	23,374	23,038	-24,936	22,976	23,852	23,214	23,249	15,138	16,428	1,008	-0,052	1,040	-5,018	-3,990	-0,045	-4,994	8,681	1,792	1,485	1,107	1,287	1,092	1,053	1,099	1,104	-15000,136	-2499,050	-66,488	1,022	1,065	2,710	6,148	0,759	2,514	12,403	42,131	26,919	23,745	25,720	0,992	9,000	107,293	1002,309	-25,011	0,640	0,594	NaN	0,494	0,696	54,953
10:56:53,000	20,390	23,879	23,715	-24,957	23,785	-0,001	25,086	23,927	22,810	23,333	23,025	-24,780	22,957	23,868	23,178	23,304	15,216	16,384	1,012	-0,061	1,045	-5,017	-3,995	-0,023	-4,994	8,684	1,796	1,497	1,104	1,284	1,099	1,064	1,085	1,103	-14999,795	-2499,310	-76,988	1,040	1,030	2,704	6,189	0,785	2,515	12,401	42,221	26,900	23,769	25,555	0,989	8,977	106,593	1001,910	-25,009	0,638	0,594	NaN	0,490	0,700	55,453
10:56:53,486	20,370	23,851	23,667	-24,954	23,842	-0,001	25,035	23,959	22,816	23,303	22,981	-24,990	22,978	23,856	23,201	23,275	15,176	16,378	1,022	-0,059	1,038	-5,017	-3,993	0,065	-4,990	8,683	1,804	1,496	1,103	1,297	1,094	1,051	1,093	1,112	-15000,420	-2500,283	-64,644	1,021	0,970	2,645	6,158	0,777	2,517	12,337	42,120	26,928	23,793	25,585	0,987	8,867	106,660	1004,456	-25,011	0,625	0,594	NaN	0,496	0,698	55,969
10:56:54,000	20,390	23,871	23,703	-24,900	23,858	-0,001	25,091	23,961	22,767	23,295	22,995	-24,957	22,968	23,848	23,172	23,279	15,198	16,354	1,019	-0,044	1,041	-5,017	-3,990	-0,010	-4,992	8,682	1,795	1,486	1,095	1,262	1,091	1,060	1,074	1,090	-15001,546	-2500,372	-61,216	1,022	0,933	2,692	6,214	0,786	2,508	12,355	42,215	26,908	23,594	25,638	0,991	8,961	107,313	997,079	-25,015	0,636	0,592	NaN	0,496	0,695	56,437
10:56:54,469	20,396	23,866	23,708	-24,947	23,901	-0,001	25,078	23,937	22,789	23,306	23,056	-24,992	23,010	23,880	23,153	23,299	15,148	16,410	1,019	-0,040	1,040	-5,017	-3,991	-0,001	-4,994	8,692	1,792	1,498	1,097	1,289	1,102	1,062	1,074	1,113	-15002,202	-2499,067	-55,242	1,038	1,038	2,736	6,224	0,796	2,519	12,424	42,185	26,928	23,758	25,623	1,007	8,956	106,130	1004,580	-25,008	0,646	0,595	NaN	0,495	0,695	56,937
10:56:55,000	20,377	23,833	23,688	-24,957	23,838	-0,001	25,036	23,947	22,793	23,269	22,993	-24,932	22,953	23,864	23,219	23,244	15,125	16,394	1,015	-0,051	1,050	-5,016	-3,990	0,054	-4,992	8,684	1,793	1,500	1,099	1,294	1,092	1,061	1,090	1,111	-14999,099	-2498,454	-76,197	1,045	0,943	2,713	6,173	0,782	2,503	12,417	42,195	26,896	23,752	25,683	0,956	8,924	106,430	1000,051	-25,009	0,640	0,591	NaN	0,489	0,701	57,422
10:56:55,486	20,386	23,872	23,690	-24,939	23,855	-0,001	24,891	23,977	22,790	23,302	23,039	-24,963	23,038	23,864	23,212	23,229	15,138	16,398	1,013	-0,055	1,040	-5,017	-3,992	-0,002	-4,993	8,689	1,802	1,509	1,100	1,296	1,095	1,060	1,099	1,070	-14999,738	-2499,898	-76,039	1,013	0,928	2,618	6,145	0,785	2,511	12,392	42,112	26,909	23,700	25,667	1,006	9,042	107,140	1003,123	-25,008	0,618	0,593	NaN	0,492	0,699	57,953
10:56:55,986	20,389	23,897	23,724	-24,950	23,775	-0,001	25,287	23,953	22,816	23,311	23,074	-24,943	22,971	23,884	23,132	23,270	15,121	16,441	1,012	-0,041	1,043	-5,016	-3,989	0,029	-4,994	8,689	1,800	1,495	1,106	1,280	1,085	1,063	1,104	1,103	-15000,079	-2499,886	-74,576	1,019	1,007	2,632	6,123	0,787	2,512	12,383	42,193	26,908	23,792	25,678	0,982	9,008	107,335	997,240	-25,010	0,621	0,593	NaN	0,490	0,696	58,437
10:56:56,469	20,385	23,854	23,681	-24,959	23,928	-0,001	25,111	23,917	22,809	23,290	23,038	-24,923	23,060	23,878	23,157	23,231	15,160	16,394	1,022	-0,045	1,048	-5,019	-3,991	-0,033	-4,995	8,679	1,806	1,489	1,099	1,284	1,106	1,059	1,097	1,119	-15001,959	-2499,034	-80,813	1,031	0,900	2,673	6,111	0,790	2,521	12,418	42,236	26,915	23,771	25,745	0,982	9,021	107,487	1000,913	-25,023	0,631	0,595	NaN	0,493	0,691	58,937
10:56:56,986	20,388	23,875	23,685	-24,939	23,814	-0,001	25,202	23,923	22,785	23,251	23,066	-24,838	22,977	23,845	23,197	23,220	15,104	16,385	1,017	-0,049	1,054	-5,017	-3,995	-0,039	-4,992	8,683	1,801	1,513	1,097	1,268	1,094	1,065	1,089	1,108	-15001,757	-2500,303	-72,477	1,048	0,944	2,735	6,103	0,782	2,515	12,394	42,162	26,911	23,818	25,740	0,996	8,976	106,687	997,027	-25,010	0,646	0,594	NaN	0,492	0,686	59,422
10:56:57,453	20,371	23,888	23,725	-24,948	23,884	-0,001	25,065	23,968	22,772	23,306	23,058	-24,882	22,975	23,864	23,192	23,190	15,097	16,350	1,014	-0,037	1,050	-5,016	-3,992	-0,108	-4,992	8,681	1,795	1,496	1,105	1,286	1,090	1,058	1,092	1,105	-15001,587	-2500,133	-57,755	1,036	0,942	2,774	6,066	0,772	2,521	12,470	42,197	26,936	23,702	25,774	0,958	8,980	106,293	1000,821	-25,009	0,655	0,595	NaN	0,491	0,690	59,937
10:56:57,969	20,395	23,902	23,690	-24,919	23,861	-0,001	25,204	23,941	22,804	23,270	23,048	-24,942	22,996	23,868	23,238	23,169	15,168	16,387	1,013	-0,046	1,042	-5,018	-3,985	0,080	-4,992	8,688	1,793	1,492	1,108	1,265	1,094	1,073	1,090	1,101	-15000,436	-2500,283	-66,678	1,012	0,980	2,728	6,064	0,775	2,516	12,418	42,100	26,933	23,750	25,640	0,955	8,974	106,163	1000,299	-25,011	0,644	0,594	NaN	0,487	0,694	60,422
