26.01.2022	Weißöl/LuftZeit	TIT-01b	TIT-02a	TIT-02b	TIT-03a	TIT-03b	TIT-04a	TIT-04b	TIT-05	TIT-06	TIT-07	TIT-08	TIT-11	TIT-13	TIT-14	TIT-15	TIT-16	TITC-1	TITC-2	PIT-01	PIT-02	PIT-03a	leer	PIT-04a E+H abs	PIT-04b	PIT-04c	PIT-05	PIT-06	PIT-07	PIT-08	PIT-09	PIT-10	PIT-11	PIT-13	PIT-14	PDI-04 [Pa] 	leer	PDI-01 [Pa]	PIT-03b [Pa]	FIT-001[m³/h]	FIT-002 [m³/h]	FIT-003 [m³/h]	FIT-004 [m³/h]	FIT-005 [m³/h]	LIT-001	LIT-002	LIT-004	TMMP-1	TMMP-2	PMMP-1	PMMP-2	M(MPP)	n(MPP)	LIT(MPP)	M_dot (FIT002) [kg/s]	M_dot (FIT005) [kg/s]	eta_th	eta_vol	alpha	Vestrichene Zeit10:43:22,361	20,410	23,861	23,693	-24,929	23,878	0,499	25,069	23,922	22,752	22,783	22,978	-24,928	22,941	23,818	22,926	22,822	15,200	16,765	1,001	-0,051	8,980	-5,016	-3,990	-0,042	-4,993	8,647	1,685	1,528	1,100	1,282	1,094	1,061	1,083	1,114	-15000,776	-2499,638	-71,833	1,026	0,850	2,737	6,155	0,700	2,973	13,409	41,906	26,946	23,794	25,642	0,916	8,967	106,803	996,267	-25,009	0,646	0,702	NaN	0,220	0,691	0,000
10:43:23,016	20,347	23,911	23,671	-24,940	23,880	0,499	25,023	23,869	22,788	22,807	22,959	-24,926	22,919	23,893	22,925	22,857	15,161	16,698	1,002	-0,037	8,991	-5,019	-3,990	-0,092	-4,993	8,653	1,654	1,522	1,109	1,271	1,097	1,061	1,075	1,112	-14999,357	-2498,892	-71,164	1,076	0,928	2,753	6,169	0,709	2,989	13,385	41,894	26,874	23,785	25,428	0,865	8,973	106,872	1005,378	-25,004	0,650	0,706	NaN	0,224	0,684	0,500
10:43:23,611	20,388	23,890	23,669	-24,945	23,926	0,498	25,053	23,929	22,775	22,812	22,918	-25,000	22,900	23,772	22,939	22,871	15,160	16,721	1,009	-0,036	8,994	-5,016	-3,992	-0,056	-4,996	8,662	1,659	1,515	1,097	1,276	1,102	1,044	1,104	1,104	-15002,057	-2499,038	-78,317	1,018	0,899	2,801	6,073	0,716	2,983	13,380	41,956	26,949	23,627	25,469	1,033	9,116	106,613	999,369	-25,010	0,661	0,704	NaN	0,218	0,694	1,250
10:43:24,141	20,371	23,844	23,686	-24,954	23,933	0,499	25,049	23,924	22,740	22,799	22,939	-24,968	22,908	23,790	22,971	22,901	15,242	16,754	1,016	-0,058	8,982	-5,017	-3,993	-0,071	-4,994	8,658	1,658	1,517	1,100	1,281	1,102	1,063	1,081	1,125	-14999,860	-2499,711	-78,993	1,021	1,109	2,707	6,147	0,720	2,990	13,410	41,909	26,880	23,663	25,522	1,019	8,997	105,970	1003,664	-25,013	0,639	0,706	NaN	0,216	0,697	1,766
10:43:24,641	20,392	23,862	23,686	-24,911	23,865	0,499	25,052	23,918	22,766	22,834	22,939	-24,974	22,975	23,858	22,961	22,860	15,204	16,716	1,011	-0,044	8,980	-5,016	-3,991	0,028	-4,992	8,654	1,686	1,513	1,086	1,288	1,096	1,055	1,094	1,120	-14999,536	-2499,942	-73,336	1,019	0,853	2,665	6,126	0,708	2,981	13,382	41,913	26,848	23,822	25,427	0,985	9,010	106,153	1005,418	-25,003	0,629	0,704	NaN	0,216	0,698	2,282
10:43:25,172	20,396	23,853	23,647	-24,963	24,003	0,500	25,136	23,897	22,802	22,829	22,979	-24,927	22,902	23,811	22,905	22,856	15,180	16,756	1,009	-0,059	8,979	-5,017	-3,993	-0,052	-4,991	8,662	1,661	1,503	1,108	1,277	1,096	1,053	1,093	1,103	-15002,745	-2499,821	-75,460	1,017	0,930	2,663	6,147	0,708	2,981	13,403	41,883	26,922	23,739	25,489	1,002	9,005	106,282	1004,440	-25,018	0,629	0,704	NaN	0,220	0,693	2,782
10:43:25,703	20,376	23,848	23,685	-24,974	23,938	0,500	25,218	23,928	22,784	22,865	22,952	-24,875	22,901	23,792	22,920	22,851	15,208	16,774	1,011	-0,037	8,976	-5,016	-3,990	-0,041	-4,993	8,666	1,662	1,522	1,107	1,267	1,096	1,047	1,090	1,112	-15001,011	-2500,044	-67,209	1,062	0,928	2,725	6,149	0,709	2,993	13,375	41,960	26,879	23,741	25,472	0,988	8,950	106,749	1002,856	-25,009	0,643	0,707	NaN	0,219	0,695	3,297
10:43:26,188	20,399	23,865	23,657	-25,001	24,062	0,500	25,146	23,913	22,764	22,839	22,991	-24,983	22,946	23,846	22,880	22,800	15,194	16,762	1,013	-0,037	8,976	-5,016	-3,986	-0,044	-4,988	8,661	1,670	1,523	1,078	1,270	1,097	1,057	1,084	1,115	-15000,728	-2499,294	-65,738	1,028	0,940	2,711	6,182	0,706	2,988	13,419	41,903	26,891	23,894	25,462	0,992	8,924	106,184	1005,122	-25,007	0,640	0,705	NaN	0,219	0,693	3,844
10:43:26,736	20,381	23,902	23,692	-25,011	23,813	0,500	25,011	23,909	22,755	22,810	22,930	-24,847	22,926	23,834	22,968	22,858	15,192	16,698	1,012	-0,051	8,979	-5,017	-3,986	-0,043	-4,991	8,665	1,671	1,520	1,087	1,274	1,111	1,065	1,090	1,108	-15002,688	-2499,399	-60,365	1,046	0,960	2,723	6,157	0,693	2,997	13,409	41,946	26,913	23,851	25,515	0,941	8,970	106,243	1005,860	-25,013	0,643	0,708	NaN	0,218	0,696	4,328
10:43:27,203	20,368	23,881	23,701	-24,920	23,815	0,499	25,106	23,913	22,765	22,862	22,972	-24,921	22,936	23,821	22,866	22,783	15,198	16,695	1,006	-0,055	8,979	-5,013	-3,992	-0,037	-4,990	8,673	1,676	1,513	1,093	1,276	1,110	1,058	1,085	1,112	-15002,454	-2499,967	-59,206	1,033	0,967	2,691	6,176	0,698	2,989	13,397	41,897	26,958	23,848	25,650	0,977	9,000	106,941	1005,302	-25,007	0,635	0,706	NaN	0,216	0,698	4,875
10:43:27,766	20,376	23,873	23,688	-24,962	23,903	0,498	25,171	23,904	22,759	22,893	22,927	-24,821	22,915	23,879	22,863	22,797	15,241	16,722	1,005	-0,043	8,987	-5,017	-3,988	0,034	-4,993	8,669	1,675	1,511	1,091	1,279	1,107	1,054	1,091	1,127	-15001,603	-2500,088	-64,551	0,994	0,955	2,667	6,154	0,680	2,988	13,396	41,973	26,866	23,903	25,428	0,959	9,006	106,366	1004,742	-25,013	0,630	0,706	NaN	0,217	0,697	5,344
10:43:28,250	20,333	23,903	23,682	-24,937	23,922	0,498	25,149	23,886	22,771	22,852	22,990	-24,934	23,015	23,874	22,852	22,834	15,207	16,688	1,002	-0,047	8,989	-5,017	-3,995	-0,046	-4,992	8,655	1,664	1,507	1,101	1,280	1,095	1,057	1,090	1,108	-15000,460	-2499,253	-78,657	1,024	0,941	2,681	6,155	0,693	2,983	13,407	41,968	26,894	23,746	25,641	1,017	8,963	106,795	1004,780	-25,005	0,633	0,704	NaN	0,220	0,694	5,891
10:43:28,797	20,331	23,898	23,679	-25,004	23,965	0,500	25,084	23,923	22,761	22,844	22,998	-24,921	22,981	23,846	22,825	22,848	15,184	16,664	1,002	-0,041	8,980	-5,014	-3,994	-0,078	-4,991	8,656	1,674	1,514	1,096	1,279	1,123	1,045	1,080	1,111	-15001,919	-2499,261	-87,009	1,013	0,865	2,728	6,175	0,696	2,994	13,395	41,889	26,949	23,827	25,384	1,032	8,970	106,869	1002,470	-25,007	0,644	0,707	NaN	0,220	0,693	6,407
10:43:29,313	20,344	23,897	23,698	-24,955	23,938	0,499	25,064	23,914	22,807	22,847	23,032	-24,962	22,959	23,913	22,890	22,813	15,172	16,688	1,016	-0,040	8,973	-5,017	-3,991	-0,017	-4,993	8,663	1,672	1,517	1,099	1,259	1,091	1,050	1,079	1,121	-15001,011	-2500,352	-71,776	1,055	0,920	2,738	6,176	0,701	2,993	13,416	41,920	26,880	23,800	25,478	0,987	8,946	106,599	1004,742	-25,005	0,646	0,707	NaN	0,224	0,688	6,938
10:43:29,813	20,332	23,870	23,702	-24,962	24,008	0,498	25,040	23,884	22,723	22,861	22,971	-24,969	22,931	23,884	22,855	22,815	15,189	16,662	1,004	-0,054	8,973	-5,016	-3,990	0,045	-4,992	8,655	1,691	1,506	1,104	1,281	1,109	1,047	1,081	1,129	-15001,514	-2500,628	-66,257	1,049	0,885	2,798	6,178	0,693	2,991	13,400	41,990	26,919	23,626	25,337	1,010	8,990	107,325	1002,764	-25,012	0,661	0,706	NaN	0,218	0,696	7,453
10:43:30,297	20,350	23,889	23,720	-24,994	23,886	0,498	25,031	23,851	22,701	22,869	23,001	-24,931	22,974	23,868	22,846	22,790	15,211	16,696	1,020	-0,048	8,988	-5,016	-3,989	0,030	-4,994	8,667	1,667	1,516	1,098	1,275	1,095	1,043	1,071	1,108	-15001,813	-2499,675	-63,226	1,030	0,924	2,705	6,208	0,704	2,983	13,385	41,929	26,854	23,856	25,460	0,987	9,140	106,809	1004,076	-25,005	0,639	0,704	NaN	0,223	0,689	7,953
10:43:30,828	20,384	23,905	23,669	-24,922	23,916	0,499	25,166	23,882	22,721	22,900	22,992	-24,880	22,968	23,887	22,801	22,805	15,194	16,679	1,010	-0,036	8,993	-5,015	-3,988	0,080	-4,991	8,666	1,658	1,515	1,100	1,290	1,079	1,060	1,090	1,116	-15001,895	-2499,748	-58,873	1,033	0,998	2,778	6,160	0,717	2,990	13,394	41,954	26,889	23,674	25,401	0,993	8,944	107,280	1002,807	-25,001	0,656	0,706	NaN	0,222	0,689	8,422
10:43:31,313	20,348	23,861	23,721	-24,967	23,913	0,498	24,964	23,915	22,729	22,916	23,009	-24,968	22,963	23,905	22,905	22,855	15,233	16,658	1,013	-0,052	8,996	-5,016	-3,993	0,004	-4,994	8,666	1,652	1,512	1,107	1,276	1,105	1,070	1,099	1,099	-15002,737	-2501,438	-74,313	1,018	0,906	2,767	6,142	0,717	2,992	13,426	41,942	26,914	23,796	25,371	0,971	8,987	107,171	1001,576	-25,005	0,653	0,707	NaN	0,220	0,697	8,969
10:43:31,861	20,412	23,861	23,678	-24,948	23,934	0,499	25,184	23,852	22,782	22,895	23,013	-24,947	22,959	23,873	22,825	22,898	15,224	16,703	1,019	-0,047	8,990	-5,016	-3,991	0,107	-4,993	8,657	1,658	1,507	1,096	1,276	1,109	1,061	1,073	1,141	-15002,105	-2500,461	-74,370	1,018	0,957	2,704	6,217	0,710	3,001	13,390	41,965	26,907	23,821	25,328	1,003	8,933	106,939	998,895	-25,001	0,639	0,709	NaN	0,218	0,698	9,453
10:43:32,328	20,330	23,904	23,718	-24,947	23,845	0,499	25,019	23,855	22,781	22,914	23,017	-24,963	22,982	23,923	22,833	22,850	15,199	16,659	1,014	-0,054	8,995	-5,016	-3,994	0,005	-4,993	8,670	1,663	1,515	1,085	1,268	1,106	1,055	1,079	1,136	-15001,214	-2499,281	-77,766	1,024	0,850	2,682	6,201	0,699	2,993	13,453	41,930	26,877	23,911	25,355	1,015	8,966	106,991	1001,783	-25,006	0,633	0,707	NaN	0,214	0,704	10,000
10:43:32,782	20,338	23,925	23,739	-24,962	24,038	0,499	25,158	23,894	22,764	22,852	23,066	-24,958	22,981	23,884	22,842	22,832	15,193	16,673	1,019	-0,052	8,978	-5,017	-3,992	0,006	-4,993	8,662	1,669	1,519	1,105	1,295	1,103	1,062	1,096	1,124	-15002,235	-2499,687	-51,997	1,024	0,934	2,585	6,158	0,693	2,994	13,405	42,006	26,942	23,880	25,347	1,007	9,022	107,264	996,669	-25,005	0,610	0,707	NaN	0,215	0,700	10,469
10:43:33,297	20,352	23,912	23,700	-24,986	23,881	0,499	25,112	23,875	22,755	22,910	23,029	-24,896	22,977	23,857	22,775	22,810	15,236	16,682	1,000	-0,039	8,976	-5,017	-3,991	0,001	-4,992	8,657	1,672	1,506	1,109	1,274	1,092	1,062	1,093	1,105	-14999,617	-2499,075	-46,765	1,007	0,960	2,631	6,151	0,701	2,994	13,375	41,888	26,862	23,832	25,372	0,985	8,967	107,435	999,760	-25,006	0,621	0,707	NaN	0,218	0,697	10,922
10:43:33,797	20,339	23,896	23,729	-24,944	23,908	0,498	25,098	23,875	22,767	22,854	23,022	-24,914	22,965	23,858	22,860	22,850	15,181	16,604	1,022	-0,051	8,984	-5,017	-3,992	0,046	-4,993	8,662	1,670	1,497	1,096	1,278	1,101	1,058	1,094	1,100	-15002,940	-2499,375	-67,302	1,040	0,963	2,681	6,157	0,700	2,999	13,445	41,955	26,958	23,733	25,512	0,972	8,949	106,178	999,638	-25,010	0,633	0,708	NaN	0,220	0,693	11,438
10:43:34,313	20,370	23,942	23,753	-24,992	23,842	0,500	25,015	23,863	22,767	22,817	22,948	-24,951	23,002	23,908	22,824	22,822	15,201	16,642	1,012	-0,040	8,970	-5,019	-3,991	-0,072	-4,992	8,662	1,677	1,509	1,106	1,265	1,087	1,059	1,084	1,111	-15003,718	-2499,030	-71,529	1,036	0,914	2,730	6,173	0,708	2,991	13,436	41,951	26,960	23,767	25,336	1,010	8,931	106,042	1004,753	-25,021	0,645	0,706	NaN	0,219	0,695	11,938
10:43:34,750	20,400	23,902	23,731	-24,979	23,944	0,499	24,934	23,918	22,786	22,814	23,000	-24,996	22,959	23,893	22,833	22,856	15,202	16,621	0,998	-0,057	8,970	-5,018	-3,992	0,027	-4,992	8,657	1,673	1,526	1,097	1,291	1,115	1,050	1,087	1,094	-15002,867	-2499,723	-69,551	1,031	0,816	2,704	6,168	0,711	2,991	13,400	41,964	26,903	23,812	25,350	0,932	8,975	107,045	1000,317	-25,020	0,638	0,706	NaN	0,217	0,698	12,578
10:43:35,250	20,345	23,877	23,715	-24,975	23,887	0,500	25,026	23,872	22,727	22,838	23,011	-24,837	22,940	23,802	22,877	22,821	15,211	16,624	1,015	-0,037	8,986	-5,013	-3,990	-0,161	-4,992	8,670	1,648	1,515	1,087	1,282	1,100	1,055	1,083	1,097	-15001,951	-2499,821	-73,742	1,058	0,926	2,676	6,173	0,702	2,984	13,375	41,984	26,947	23,737	25,261	1,015	8,992	106,562	1003,128	-25,013	0,632	0,705	NaN	0,219	0,695	12,891
10:43:35,797	20,387	23,928	23,714	-24,928	23,890	0,500	25,064	23,864	22,771	22,811	22,999	-24,909	23,024	23,825	22,845	22,871	15,186	16,593	1,010	-0,054	8,957	-5,018	-3,993	0,005	-4,995	8,654	1,661	1,516	1,103	1,291	1,092	1,049	1,107	1,106	-15002,883	-2499,135	-78,329	1,031	0,969	2,680	6,107	0,689	2,984	13,371	41,959	26,858	23,692	25,277	1,004	8,982	107,496	996,052	-25,018	0,633	0,705	NaN	0,218	0,695	13,391
10:43:36,297	20,362	23,868	23,744	-24,945	23,907	0,498	25,128	23,910	22,738	22,807	23,043	-24,929	22,957	23,837	22,843	22,835	15,185	16,667	1,003	-0,035	8,979	-5,017	-3,994	-0,028	-4,995	8,657	1,653	1,510	1,099	1,298	1,092	1,061	1,088	1,102	-15003,369	-2499,225	-82,645	1,029	0,973	2,708	6,164	0,712	2,999	13,400	41,871	26,972	23,822	25,244	0,927	8,992	107,024	1005,203	-25,013	0,639	0,708	NaN	0,217	0,698	13,938
10:43:36,828	20,329	23,895	23,705	-24,931	23,872	0,499	25,097	23,875	22,811	22,850	23,013	-24,933	22,941	23,845	22,797	22,858	15,212	16,604	1,014	-0,046	8,973	-5,015	-3,991	-0,023	-4,993	8,667	1,668	1,511	1,102	1,276	1,086	1,060	1,088	1,105	-15000,443	-2499,622	-74,791	1,011	1,011	2,659	6,156	0,711	2,992	13,387	41,966	26,888	23,685	25,416	0,988	8,974	107,071	998,146	-25,012	0,628	0,706	NaN	0,217	0,698	14,438
10:43:37,313	20,330	23,878	23,718	-24,925	24,148	0,498	25,049	23,911	22,779	22,810	23,075	-24,930	23,003	23,808	22,845	22,824	15,195	16,582	1,011	-0,055	8,979	-5,017	-3,993	0,016	-4,990	8,661	1,661	1,517	1,086	1,298	1,102	1,063	1,089	1,124	-15002,381	-2499,914	-71,914	1,054	0,898	2,670	6,164	0,708	2,976	13,379	41,936	26,837	23,666	25,315	0,966	8,909	106,949	1003,583	-25,011	0,630	0,703	NaN	0,218	0,697	14,969
10:43:37,875	20,366	23,866	23,668	-24,966	23,916	0,498	25,054	23,866	22,817	22,796	23,021	-24,924	22,976	23,789	22,814	22,839	15,214	16,581	1,006	-0,063	8,973	-5,019	-3,992	0,002	-4,993	8,658	1,667	1,514	1,093	1,269	1,095	1,056	1,088	1,109	-15000,322	-2499,436	-85,287	1,058	0,769	2,681	6,169	0,696	2,991	13,423	41,980	26,965	23,884	25,377	0,966	9,009	106,769	999,461	-25,011	0,633	0,706	NaN	0,216	0,700	15,485
10:43:38,375	20,386	23,837	23,675	-24,927	23,957	0,498	25,086	23,866	22,785	22,813	23,027	-24,930	22,955	23,812	22,865	22,904	15,233	16,611	1,017	-0,031	8,978	-5,015	-3,992	0,029	-4,993	8,667	1,665	1,519	1,086	1,304	1,083	1,072	1,081	1,109	-14999,528	-2498,661	-74,528	1,042	0,885	2,652	6,188	0,700	2,985	13,458	41,926	26,915	23,705	25,413	0,935	8,806	106,979	1003,139	-25,005	0,626	0,705	NaN	0,216	0,701	16,016
10:43:38,891	20,353	23,887	23,657	-24,945	23,931	0,498	25,078	23,873	22,800	22,804	22,967	-25,007	22,952	23,788	22,858	22,869	15,160	16,627	1,005	-0,049	8,985	-5,018	-3,990	0,007	-4,992	8,653	1,679	1,514	1,107	1,280	1,097	1,051	1,081	1,069	-15000,590	-2499,918	-65,993	1,012	0,930	2,641	6,193	0,697	2,987	13,431	41,923	26,899	23,771	25,465	0,991	8,963	106,192	999,331	-25,009	0,624	0,705	NaN	0,217	0,699	16,516
10:43:39,391	20,328	23,914	23,682	-24,941	23,849	0,500	25,093	23,868	22,817	22,834	22,966	-24,949	22,928	23,903	22,856	22,822	15,211	16,687	1,011	-0,049	8,982	-5,017	-3,991	0,006	-4,990	8,653	1,658	1,513	1,110	1,277	1,090	1,068	1,063	1,128	-15002,146	-2499,618	-60,563	1,060	0,923	2,689	6,243	0,696	2,986	13,335	41,894	26,901	23,747	25,457	1,010	8,975	106,406	1005,047	-25,010	0,635	0,705	NaN	0,221	0,694	17,032
10:43:39,891	20,343	23,872	23,726	-24,904	23,901	0,498	25,034	23,856	22,828	22,781	22,983	-24,945	22,966	23,846	22,841	22,874	15,188	16,615	1,008	-0,063	8,986	-5,017	-3,994	0,023	-4,993	8,657	1,674	1,513	1,089	1,298	1,106	1,059	1,083	1,126	-15001,092	-2499,886	-68,664	1,044	1,008	2,726	6,181	0,692	2,987	13,409	41,960	26,962	23,711	25,357	1,002	8,978	107,043	999,803	-24,987	0,644	0,705	NaN	0,221	0,693	17,532
10:43:40,391	20,375	23,852	23,753	-24,961	23,963	0,500	25,096	23,845	22,814	22,793	22,960	-24,978	22,975	23,895	22,841	22,855	15,203	16,637	1,017	-0,064	8,985	-5,017	-3,992	0,006	-4,992	8,655	1,674	1,519	1,089	1,287	1,104	1,061	1,080	1,106	-15001,189	-2499,233	-64,851	1,053	0,871	2,749	6,203	0,698	2,989	13,346	41,983	26,875	23,774	25,454	0,984	8,999	106,828	1004,966	-25,009	0,649	0,706	NaN	0,219	0,695	18,032
10:43:40,922	20,367	23,895	23,670	-24,952	23,901	0,498	25,099	23,901	22,806	22,801	22,975	-24,904	22,974	23,895	22,803	22,852	15,207	16,617	1,015	-0,050	8,991	-5,016	-3,988	-0,082	-4,994	8,659	1,666	1,497	1,097	1,271	1,095	1,057	1,097	1,111	-15000,979	-2500,153	-73,685	1,028	0,885	2,697	6,146	0,680	2,990	13,373	41,920	26,919	23,672	25,399	1,001	8,966	106,534	998,631	-25,003	0,637	0,706	NaN	0,218	0,694	18,547
10:43:41,438	20,345	23,902	23,663	-24,981	23,848	0,498	25,097	23,900	22,785	22,868	23,027	-24,929	22,951	23,914	22,820	22,843	15,174	16,583	1,003	-0,050	8,987	-5,019	-3,993	-0,008	-4,992	8,659	1,667	1,525	1,099	1,284	1,086	1,065	1,103	1,092	-15000,558	-2499,792	-72,822	1,035	0,943	2,701	6,132	0,690	2,998	13,431	41,977	26,862	23,726	25,678	0,983	8,978	106,461	1005,513	-25,012	0,638	0,708	NaN	0,219	0,695	19,078
10:43:42,047	20,342	23,842	23,692	-24,948	23,961	0,499	25,044	23,889	22,771	22,866	22,982	-24,947	22,987	23,865	22,895	22,826	15,181	16,679	1,006	-0,059	8,985	-5,015	-3,994	-0,011	-4,994	8,657	1,669	1,480	1,098	1,281	1,090	1,051	1,108	1,113	-15000,890	-2498,625	-68,931	1,019	1,046	2,689	6,136	0,694	2,980	13,349	41,942	26,904	23,757	25,465	0,989	8,943	106,403	1001,425	-25,010	0,635	0,704	NaN	0,218	0,697	19,672
10:43:42,547	20,383	23,841	23,659	-24,959	23,786	0,500	25,020	23,875	22,737	22,919	22,980	-24,906	22,983	23,940	22,779	22,828	15,177	16,583	1,004	-0,050	8,971	-5,017	-3,996	0,045	-4,991	8,659	1,659	1,504	1,110	1,271	1,076	1,063	1,088	1,103	-15001,587	-2499,557	-69,025	1,054	0,954	2,697	6,193	0,690	2,990	13,389	41,995	26,966	23,733	25,492	1,082	8,944	106,421	1004,308	-25,013	0,637	0,706	NaN	0,218	0,699	20,188
10:43:43,047	20,421	23,854	23,766	-24,916	23,912	0,500	24,972	23,899	22,764	22,857	23,036	-24,988	22,953	23,915	22,863	22,851	15,189	16,600	1,014	-0,047	8,968	-5,016	-3,991	0,017	-4,993	8,661	1,661	1,502	1,102	1,274	1,100	1,056	1,091	1,101	-15001,529	-2499,545	-71,176	1,045	0,925	2,661	6,178	0,696	2,991	13,390	41,975	26,899	23,684	25,399	0,982	8,954	106,411	999,215	-25,011	0,628	0,706	NaN	0,218	0,696	20,703
10:43:43,532	20,379	23,908	23,754	-24,976	23,968	0,499	25,066	23,884	22,745	22,884	22,996	-24,954	22,989	23,876	22,859	22,863	15,171	16,615	1,012	-0,053	8,964	-5,016	-3,992	0,042	-4,995	8,658	1,667	1,523	1,109	1,283	1,074	1,056	1,090	1,124	-15000,209	-2499,192	-69,037	1,005	0,930	2,686	6,165	0,688	2,982	13,365	41,991	26,913	23,787	25,531	0,962	8,953	106,736	1004,464	-25,009	0,634	0,704	NaN	0,221	0,693	21,188
10:43:44,047	20,381	23,859	23,719	-24,918	23,874	0,498	25,018	23,880	22,768	22,854	23,002	-24,947	22,980	23,931	22,871	22,810	15,195	16,628	1,017	-0,037	8,980	-5,017	-3,994	-0,016	-4,994	8,673	1,670	1,497	1,096	1,282	1,099	1,066	1,093	1,104	-15001,384	-2500,250	-64,340	1,023	0,912	2,725	6,163	0,691	2,985	13,416	41,976	26,903	23,787	25,515	1,080	9,003	106,673	999,439	-25,014	0,643	0,705	NaN	0,224	0,687	21,672
10:43:44,532	20,424	23,888	23,711	-24,967	23,793	0,498	25,088	23,877	22,747	22,904	23,042	-24,918	22,931	23,925	22,855	22,846	15,181	16,713	1,003	-0,039	8,990	-5,015	-3,995	0,013	-4,994	8,640	1,680	1,499	1,098	1,284	1,108	1,054	1,088	1,111	-15000,015	-2498,884	-71,873	1,001	0,998	2,806	6,162	0,691	2,987	13,398	41,936	26,901	23,808	25,366	0,965	9,059	107,109	1004,238	-25,009	0,663	0,705	NaN	0,224	0,692	22,188
10:43:45,047	20,436	23,867	23,704	-24,923	23,958	0,497	25,071	23,885	22,750	22,877	23,012	-24,924	22,955	23,901	22,890	22,765	15,180	16,635	1,021	-0,041	9,002	-5,017	-3,993	0,045	-4,993	8,650	1,665	1,520	1,104	1,277	1,101	1,045	1,059	1,113	-14999,957	-2499,719	-69,130	1,043	1,080	2,786	6,247	0,698	2,987	13,423	41,974	26,909	23,761	25,348	0,974	8,958	107,378	1000,304	-25,008	0,658	0,705	NaN	0,225	0,685	22,672
10:43:45,532	20,402	23,874	23,761	-24,906	23,923	0,498	24,896	23,865	22,733	22,869	23,024	-24,945	22,973	23,880	22,869	22,841	15,240	16,607	1,010	-0,032	9,005	-5,016	-3,987	0,119	-4,992	8,657	1,676	1,509	1,113	1,272	1,103	1,052	1,099	1,109	-15002,097	-2498,880	-82,787	1,073	0,932	2,823	6,126	0,698	2,986	13,417	41,898	26,952	23,931	25,482	1,017	8,946	106,444	1004,739	-24,999	0,667	0,705	NaN	0,221	0,693	23,188
10:43:46,032	20,405	23,876	23,720	-24,956	24,020	0,498	24,934	23,912	22,779	22,875	22,983	-24,841	22,984	23,878	22,834	22,781	15,219	16,617	1,009	-0,040	8,998	-5,016	-3,991	0,064	-4,993	8,657	1,659	1,515	1,096	1,295	1,097	1,066	1,090	1,110	-15001,359	-2498,969	-82,000	1,030	0,868	2,728	6,153	0,713	2,986	13,382	41,959	26,908	23,670	25,432	0,998	8,957	106,417	998,649	-25,009	0,644	0,705	NaN	0,220	0,692	23,672
10:43:46,532	20,419	23,889	23,735	-24,935	23,903	0,499	25,103	23,850	22,774	22,859	23,016	-24,955	22,988	23,888	22,838	22,810	15,195	16,659	1,014	-0,057	9,002	-5,015	-3,996	-0,079	-4,992	8,662	1,657	1,518	1,091	1,291	1,100	1,050	1,098	1,094	-15000,200	-2499,359	-63,769	1,021	0,901	2,732	6,150	0,699	2,996	13,432	42,017	26,865	23,700	25,528	1,006	8,959	106,735	1003,449	-25,010	0,645	0,707	NaN	0,219	0,699	24,188
10:43:47,047	20,419	23,891	23,760	-24,969	23,956	0,499	25,085	23,881	22,752	22,865	23,011	-24,938	22,934	23,908	22,885	22,815	15,211	16,640	1,012	-0,045	8,975	-5,017	-3,990	0,008	-4,993	8,658	1,666	1,514	1,093	1,283	1,090	1,057	1,078	1,111	-15001,352	-2498,848	-57,394	1,027	0,819	2,678	6,205	0,691	2,991	13,376	41,952	26,901	23,663	25,523	1,013	9,007	106,915	996,165	-25,008	0,632	0,706	NaN	0,218	0,698	24,672
10:43:47,532	20,370	23,868	23,719	-24,993	23,918	0,499	25,088	23,873	22,791	22,914	23,004	-24,920	22,983	23,923	22,846	22,787	15,180	16,620	1,007	-0,044	8,978	-5,018	-3,993	-0,135	-4,992	8,660	1,673	1,497	1,108	1,289	1,104	1,055	1,083	1,104	-15002,745	-2498,698	-67,724	1,018	0,852	2,673	6,193	0,706	2,989	13,353	41,945	26,899	23,707	25,474	0,932	8,962	107,043	999,997	-25,011	0,631	0,706	NaN	0,220	0,695	25,188
10:43:48,000	20,369	23,864	23,727	-24,971	23,845	0,499	25,152	23,871	22,813	22,917	23,055	-24,964	22,974	23,887	22,844	22,802	15,166	16,596	1,017	-0,039	8,970	-5,017	-3,992	0,041	-4,993	8,662	1,675	1,516	1,096	1,276	1,102	1,055	1,096	1,130	-15000,484	-2499,894	-66,484	1,012	0,930	2,702	6,160	0,716	2,992	13,412	41,983	26,864	23,700	25,386	1,089	8,940	106,764	996,397	-25,008	0,638	0,706	NaN	0,217	0,701	25,672
10:43:48,500	20,360	23,877	23,745	-24,949	23,928	0,500	25,147	23,885	22,761	22,895	22,994	-24,953	22,988	23,881	22,863	22,859	15,175	16,649	1,007	-0,052	8,966	-5,015	-3,990	-0,022	-4,991	8,658	1,653	1,516	1,093	1,277	1,080	1,058	1,084	1,110	-15001,246	-2499,926	-65,511	1,028	0,933	2,651	6,202	0,704	2,989	13,379	41,979	26,896	23,552	25,409	0,987	8,946	106,636	999,655	-25,010	0,626	0,706	NaN	0,215	0,701	26,141
10:43:49,032	20,347	23,837	23,733	-24,945	23,889	0,500	25,079	23,930	22,723	22,882	23,001	-24,901	22,974	23,909	22,873	22,849	15,157	16,634	0,978	-0,053	8,960	-5,014	-3,991	-0,023	-4,994	8,650	1,671	1,512	1,093	1,298	1,099	1,058	1,095	1,105	-15002,081	-2499,354	-47,032	0,997	1,015	2,622	6,160	0,689	2,992	13,403	41,959	26,968	23,980	25,398	0,992	8,983	106,227	1002,678	-25,006	0,619	0,706	NaN	0,217	0,697	26,641
10:43:49,500	20,364	23,880	23,724	-24,936	23,907	0,498	25,184	23,879	22,794	22,889	22,986	-24,926	23,011	23,877	22,836	22,839	15,208	16,621	1,008	-0,059	8,974	-5,017	-4,001	-0,016	-4,993	8,648	1,684	1,506	1,116	1,285	1,081	1,059	1,093	1,135	-14999,917	-2499,849	-59,465	1,030	0,948	2,678	6,162	0,701	2,995	13,327	41,941	26,889	23,769	25,471	1,000	8,963	106,687	1004,249	-25,002	0,632	0,707	NaN	0,218	0,697	27,172
10:43:50,000	20,335	23,862	23,699	-24,957	23,880	0,499	25,056	23,877	22,767	22,900	23,017	-24,944	22,996	23,882	22,857	22,841	15,144	16,623	1,013	-0,083	8,979	-5,018	-3,992	0,029	-4,992	8,656	1,665	1,515	1,090	1,289	1,093	1,056	1,092	1,106	-14999,698	-2499,947	-70,026	1,033	0,931	2,684	6,169	0,703	2,987	13,379	41,934	26,894	23,584	25,462	0,992	8,998	105,970	1003,432	-25,006	0,634	0,705	NaN	0,220	0,692	27,641
10:43:50,486	20,317	23,922	23,745	-24,980	23,925	0,497	25,096	23,878	22,788	22,946	23,023	-24,924	22,958	23,900	22,860	22,828	15,176	16,594	1,000	-0,048	8,986	-5,016	-3,988	-0,010	-4,989	8,659	1,662	1,509	1,103	1,277	1,110	1,053	1,097	1,112	-15000,946	-2498,884	-79,678	1,021	1,038	2,724	6,133	0,707	3,009	13,398	41,959	26,961	23,837	25,281	0,985	9,011	107,202	1000,582	-25,009	0,643	0,710	NaN	0,217	0,694	28,141
10:43:50,986	20,326	23,918	23,762	-24,968	23,892	0,498	25,018	23,916	22,788	22,920	23,013	-24,838	22,991	23,866	22,870	22,799	15,171	16,579	1,001	-0,058	8,979	-5,018	-3,992	-0,000	-4,992	8,655	1,673	1,506	1,112	1,272	1,104	1,054	1,103	1,098	-15000,581	-2499,237	-82,065	1,041	0,928	2,693	6,118	0,733	2,998	13,423	41,978	26,936	23,771	25,633	0,970	8,931	106,831	1006,008	-25,013	0,636	0,708	NaN	0,225	0,690	28,625
10:43:51,486	20,342	23,912	23,699	-24,951	23,808	0,499	25,069	23,896	22,804	22,935	22,999	-25,040	23,002	23,915	22,792	22,833	15,169	16,639	1,009	-0,056	8,977	-5,016	-3,988	0,110	-4,994	8,656	1,666	1,496	1,103	1,297	1,100	1,052	1,081	1,112	-15001,821	-2498,430	-76,809	1,021	0,924	2,775	6,186	0,726	2,997	13,432	41,959	26,977	23,751	25,446	0,991	8,980	107,551	994,179	-25,013	0,655	0,708	NaN	0,223	0,690	29,125
10:43:52,000	20,299	23,922	23,714	-24,927	23,920	0,499	25,064	23,885	22,818	22,908	22,995	-24,940	23,015	23,880	22,845	22,836	15,183	16,637	1,006	-0,061	8,983	-5,017	-3,994	-0,001	-4,992	8,650	1,676	1,499	1,105	1,282	1,106	1,030	1,090	1,108	-15003,110	-2499,326	-60,105	1,057	0,789	2,765	6,155	0,708	2,989	13,359	41,966	26,939	23,767	25,306	0,963	8,964	106,963	998,456	-25,011	0,653	0,706	NaN	0,223	0,691	29,625
10:43:52,486	20,326	23,870	23,663	-24,961	23,894	0,500	25,148	23,873	22,806	22,966	22,986	-24,934	23,038	23,905	22,833	22,938	15,199	16,600	1,007	-0,040	8,977	-5,016	-3,990	-0,141	-4,992	8,660	1,655	1,495	1,113	1,280	1,086	1,054	1,099	1,089	-15002,105	-2499,504	-67,339	1,039	0,913	2,741	6,137	0,706	2,985	13,425	41,979	26,962	23,721	25,378	0,998	8,986	106,996	994,586	-25,008	0,647	0,705	NaN	0,220	0,694	30,141
10:43:53,000	20,314	23,895	23,718	-24,961	23,868	0,499	25,078	23,900	22,809	22,923	23,007	-24,942	23,031	23,867	22,864	22,868	15,182	16,617	0,999	-0,038	8,983	-5,019	-3,990	0,050	-4,993	8,662	1,672	1,505	1,098	1,274	1,114	1,054	1,088	1,124	-15002,640	-2499,622	-66,788	1,067	1,244	2,717	6,164	0,685	2,994	13,405	41,978	26,907	23,649	25,413	0,963	8,956	106,544	1001,576	-25,011	0,641	0,707	NaN	0,219	0,698	30,625
10:43:53,500	20,299	23,915	23,701	-24,922	23,910	0,499	25,062	23,871	22,750	22,952	23,000	-24,964	22,987	23,911	22,900	22,894	15,164	16,630	1,004	-0,058	8,976	-5,016	-3,993	0,038	-4,992	8,656	1,660	1,520	1,102	1,283	1,102	1,060	1,088	1,117	-15001,465	-2499,715	-65,219	1,018	0,781	2,675	6,178	0,689	2,991	13,402	41,974	26,911	23,699	25,390	0,926	8,942	106,336	996,812	-25,017	0,632	0,706	NaN	0,215	0,702	31,141
10:43:54,016	20,303	23,826	23,651	-24,934	23,846	0,498	25,043	23,892	22,783	22,930	23,001	-24,880	23,037	23,893	22,882	22,875	15,189	16,633	1,011	-0,040	8,984	-5,017	-3,991	-0,035	-4,991	8,651	1,661	1,523	1,095	1,285	1,102	1,068	1,077	1,109	-15002,592	-2499,423	-60,138	1,022	0,968	2,634	6,212	0,689	2,994	13,382	41,981	26,948	23,699	25,341	0,980	9,006	106,898	1005,319	-25,012	0,622	0,707	NaN	0,219	0,698	31,641
10:43:54,500	20,280	23,841	23,662	-24,908	23,919	0,498	25,057	23,937	22,780	22,946	23,013	-24,920	23,033	23,905	22,880	22,828	15,211	16,592	1,014	-0,074	8,993	-5,016	-3,994	-0,059	-4,995	8,657	1,668	1,512	1,093	1,288	1,084	1,050	1,079	1,105	-14999,609	-2499,306	-62,877	1,062	0,886	2,681	6,212	0,707	2,991	13,405	41,979	26,933	23,742	25,351	1,034	9,005	106,791	997,731	-25,012	0,633	0,706	NaN	0,221	0,691	32,157
10:43:55,032	20,297	23,855	23,686	-24,905	23,975	0,497	25,075	23,891	22,792	22,937	23,021	-24,924	23,022	23,859	22,907	22,878	15,234	16,606	0,989	-0,051	8,999	-5,018	-3,996	-0,004	-4,992	8,652	1,666	1,511	1,112	1,278	1,105	1,068	1,111	1,112	-14999,593	-2498,759	-68,457	1,024	0,912	2,744	6,122	0,690	2,984	13,403	42,038	26,893	23,616	25,532	0,997	8,976	106,779	1004,233	-25,014	0,648	0,705	NaN	0,224	0,687	32,641
10:43:55,469	20,308	23,895	23,664	-24,967	23,907	0,497	25,086	23,862	22,792	22,939	23,003	-24,934	23,038	23,872	22,911	22,842	15,215	16,583	1,006	-0,059	9,010	-5,016	-3,990	-0,004	-4,993	8,663	1,664	1,508	1,092	1,292	1,108	1,057	1,097	1,099	-15002,988	-2499,699	-77,348	1,025	0,941	2,807	6,161	0,694	2,983	13,428	41,960	26,886	23,734	25,363	0,954	8,955	106,522	1002,565	-25,008	0,663	0,704	NaN	0,220	0,694	33,172
10:43:55,986	20,291	23,878	23,680	-24,958	23,923	0,499	25,044	23,862	22,763	22,930	23,019	-24,925	23,046	23,875	22,952	22,864	15,212	16,615	0,992	-0,048	8,995	-5,017	-3,991	-0,032	-4,995	8,663	1,667	1,514	1,107	1,269	1,099	1,069	1,094	1,104	-14999,520	-2499,784	-65,637	1,028	0,889	2,722	6,168	0,692	2,987	13,449	41,966	26,912	23,705	25,305	1,004	8,945	106,735	1003,804	-25,012	0,643	0,705	NaN	0,219	0,697	33,625
10:43:56,486	20,325	23,859	23,700	-24,966	23,853	0,498	25,136	23,906	22,758	22,928	22,986	-24,934	23,014	23,861	22,962	22,804	15,189	16,626	1,012	-0,046	8,982	-5,016	-3,991	-0,077	-4,992	8,653	1,673	1,521	1,084	1,285	1,095	1,058	1,103	1,081	-15002,219	-2500,620	-67,270	1,047	0,928	2,675	6,152	0,685	2,983	13,402	42,000	26,877	23,695	25,385	1,007	9,017	106,783	996,844	-25,004	0,632	0,704	NaN	0,215	0,700	34,125
10:43:57,016	20,339	23,845	23,700	-24,957	23,818	0,501	25,209	23,907	22,768	22,925	22,990	-24,753	23,071	23,871	22,912	22,849	15,168	16,607	1,017	-0,038	8,973	-5,017	-3,992	-0,027	-4,992	8,658	1,674	1,508	1,087	1,284	1,100	1,059	1,102	1,111	-15000,695	-2499,663	-68,915	1,022	1,046	2,636	6,155	0,715	2,990	13,423	41,951	26,875	23,596	25,493	0,966	8,966	107,005	1002,718	-25,015	0,622	0,706	NaN	0,217	0,698	34,625
10:43:57,532	20,309	23,835	23,662	-24,938	23,841	0,499	25,062	23,822	22,768	22,910	22,996	-24,917	23,046	23,874	22,938	22,800	15,192	16,631	1,014	-0,058	8,974	-5,019	-3,991	0,070	-4,993	8,651	1,669	1,519	1,105	1,273	1,112	1,044	1,094	1,112	-15001,927	-2500,190	-79,577	1,017	0,728	2,670	6,174	0,687	2,986	13,366	42,032	26,895	23,616	25,409	0,976	9,033	106,442	1002,406	-25,009	0,630	0,705	NaN	0,224	0,690	35,157
10:43:58,016	20,316	23,882	23,708	-24,942	23,896	0,498	25,085	23,915	22,776	22,934	23,032	-24,931	23,002	23,903	22,922	22,846	15,208	16,575	1,010	-0,023	8,981	-5,015	-3,992	0,005	-4,994	8,660	1,656	1,518	1,093	1,271	1,092	1,058	1,086	1,110	-15001,060	-2500,303	-76,680	1,010	0,945	2,787	6,204	0,686	2,983	13,382	41,948	26,952	23,596	25,294	0,990	8,964	106,993	1002,788	-25,012	0,658	0,704	NaN	0,225	0,688	35,672
10:43:58,500	20,323	23,882	23,733	-24,962	23,862	0,499	25,031	23,904	22,781	22,910	22,996	-24,957	23,058	23,890	22,942	22,860	15,186	16,645	1,011	-0,057	8,978	-5,016	-3,991	-0,015	-4,993	8,661	1,659	1,500	1,094	1,284	1,082	1,054	1,089	1,112	-15001,125	-2499,468	-72,652	1,038	0,901	2,801	6,187	0,672	2,987	13,424	41,967	26,904	23,643	25,328	0,968	8,921	106,680	1000,412	-25,016	0,661	0,705	NaN	0,224	0,688	36,157
10:43:59,016	20,336	23,854	23,689	-24,953	23,943	0,497	25,099	23,884	22,765	22,982	23,008	-24,956	23,043	23,892	22,913	22,800	15,206	16,592	1,014	-0,059	8,986	-5,016	-3,993	-0,112	-4,991	8,658	1,659	1,499	1,101	1,288	1,105	1,055	1,092	1,109	-15002,268	-2499,099	-66,994	1,033	0,957	2,802	6,168	0,686	2,978	13,410	41,993	26,878	23,713	25,382	0,911	8,976	106,982	1005,580	-25,011	0,662	0,703	NaN	0,221	0,697	36,641
10:43:59,500	20,302	23,894	23,679	-24,950	23,977	0,499	25,138	23,876	22,739	22,951	23,012	-24,941	23,025	23,865	22,915	22,866	15,142	16,628	1,012	-0,055	8,985	-5,017	-3,992	0,038	-4,996	8,659	1,673	1,496	1,100	1,289	1,104	1,073	1,061	1,112	-15000,639	-2499,987	-48,868	1,016	0,928	2,725	6,273	0,693	2,981	13,384	41,981	26,889	23,771	25,378	0,990	9,008	107,049	998,569	-25,007	0,643	0,704	NaN	0,217	0,696	37,157
10:44:00,016	20,293	23,858	23,709	-24,954	23,865	0,498	25,020	23,832	22,785	22,988	23,026	-24,935	23,052	23,899	22,964	22,812	15,182	16,617	1,003	-0,050	9,005	-5,016	-3,986	-0,052	-4,990	8,661	1,654	1,516	1,077	1,279	1,107	1,041	1,101	1,119	-15003,548	-2500,169	-48,074	1,030	0,811	2,681	6,152	0,696	2,966	13,393	41,956	26,936	23,727	25,461	1,126	9,003	107,157	1004,101	-25,007	0,633	0,700	NaN	0,219	0,698	37,657
10:44:00,500	20,283	23,906	23,658	-24,964	23,931	0,498	25,024	23,866	22,758	22,918	22,997	-24,899	23,063	23,889	22,887	22,813	15,230	16,652	1,009	-0,046	9,007	-5,016	-3,993	-0,013	-4,995	8,655	1,666	1,525	1,101	1,280	1,085	1,046	1,088	1,114	-15000,492	-2499,322	-77,210	1,023	1,029	2,686	6,201	0,709	2,980	13,440	41,952	26,883	23,921	25,303	1,006	9,052	107,234	998,585	-25,010	0,634	0,704	NaN	0,216	0,701	38,157
10:44:01,016	20,341	23,846	23,673	-24,968	23,927	0,498	25,113	23,895	22,780	22,972	22,991	-24,920	23,030	23,863	22,980	22,864	15,186	16,575	1,008	-0,060	9,024	-5,016	-3,990	-0,099	-4,990	8,655	1,661	1,513	1,080	1,292	1,097	1,054	1,086	1,122	-15000,266	-2498,994	-83,840	1,032	0,909	2,653	6,207	0,717	2,989	13,396	42,031	26,941	23,667	25,352	0,940	8,981	107,041	1001,894	-25,010	0,626	0,706	NaN	0,223	0,692	38,641
10:44:01,500	20,250	23,878	23,656	-24,943	23,859	0,499	25,145	23,912	22,755	23,054	23,002	-24,883	23,039	23,873	22,921	22,836	15,260	16,641	1,008	-0,041	8,993	-5,015	-3,996	-0,097	-4,993	8,663	1,663	1,510	1,094	1,281	1,101	1,053	1,086	1,100	-15000,055	-2499,115	-80,173	1,042	0,750	2,764	6,205	0,707	2,981	13,390	41,958	26,893	23,674	25,440	0,978	8,978	107,105	999,237	-25,013	0,653	0,704	NaN	0,224	0,691	39,157
10:44:02,016	20,283	23,894	23,714	-24,947	23,926	0,500	24,942	23,876	22,787	22,955	22,989	-24,954	23,002	23,836	22,913	22,826	15,177	16,587	1,020	-0,061	8,982	-5,017	-3,993	-0,045	-4,991	8,653	1,668	1,508	1,102	1,280	1,106	1,058	1,082	1,115	-15002,607	-2499,509	-59,003	1,040	0,952	2,784	6,215	0,709	3,004	13,390	41,970	26,939	23,678	25,242	1,013	8,967	106,929	998,407	-25,010	0,657	0,709	NaN	0,223	0,691	39,641
10:44:02,516	20,259	23,823	23,683	-24,965	23,881	0,499	25,016	23,907	22,830	22,987	23,030	-24,917	23,008	23,895	22,989	22,882	15,169	16,626	1,008	-0,052	8,973	-5,018	-3,989	-0,073	-4,995	8,660	1,676	1,496	1,106	1,285	1,102	1,049	1,099	1,112	-15000,622	-2499,200	-46,615	1,039	0,859	2,766	6,174	0,691	2,986	13,398	41,921	26,968	23,672	25,467	0,969	8,962	105,644	1000,474	-25,004	0,653	0,705	NaN	0,220	0,695	40,157
10:44:03,016	20,278	23,864	23,677	-24,957	23,905	0,498	25,065	23,894	22,778	22,946	23,034	-24,927	23,018	23,890	22,956	22,834	15,203	16,615	1,004	-0,026	8,975	-5,017	-3,993	0,029	-4,996	8,656	1,656	1,505	1,086	1,291	1,080	1,063	1,095	1,129	-15002,235	-2498,986	-67,533	1,021	0,943	2,720	6,185	0,697	2,985	13,431	41,978	26,909	23,575	25,341	0,992	8,963	106,154	1002,139	-25,012	0,642	0,705	NaN	0,217	0,698	40,641
10:44:03,516	20,289	23,832	23,679	-24,948	23,782	0,498	25,122	23,858	22,781	22,970	23,040	-24,921	23,065	23,861	22,925	22,830	15,187	16,621	1,010	-0,039	8,969	-5,013	-3,995	-0,030	-4,993	8,663	1,659	1,519	1,095	1,269	1,109	1,061	1,094	1,111	-15000,281	-2499,711	-69,746	1,033	1,020	2,678	6,182	0,716	2,989	13,393	42,026	26,891	23,566	25,319	1,003	8,916	106,578	1004,866	-25,011	0,632	0,706	NaN	0,218	0,697	41,157
10:44:04,016	20,304	23,869	23,637	-24,926	23,990	0,498	24,967	23,912	22,808	22,970	23,060	-25,062	23,010	23,900	22,903	22,811	15,193	16,647	1,009	-0,064	8,967	-5,015	-3,994	0,042	-4,996	8,658	1,680	1,503	1,102	1,292	1,100	1,054	1,089	1,125	-15000,314	-2499,752	-75,067	1,045	0,843	2,690	6,197	0,709	2,985	13,419	42,053	26,860	23,515	25,378	1,007	8,930	106,561	1005,553	-25,011	0,635	0,705	NaN	0,219	0,693	41,641
10:44:04,500	20,342	23,874	23,683	-24,952	23,930	0,498	25,165	23,865	22,792	22,998	22,998	-24,893	23,014	23,881	22,942	22,846	15,234	16,612	1,008	-0,046	8,957	-5,017	-3,989	-0,066	-4,995	8,660	1,663	1,496	1,097	1,285	1,088	1,061	1,092	1,104	-15000,590	-2499,407	-82,677	1,045	0,967	2,723	6,159	0,703	2,978	13,436	42,055	26,896	23,566	25,342	0,965	8,962	106,588	1005,289	-25,011	0,643	0,703	NaN	0,219	0,694	42,157
10:44:05,032	20,322	23,901	23,672	-24,941	23,944	0,499	25,105	23,882	22,782	22,963	23,028	-24,827	22,946	23,917	22,972	22,831	15,242	16,659	1,018	-0,044	8,972	-5,017	-3,996	-0,031	-4,990	8,659	1,668	1,509	1,099	1,279	1,104	1,065	1,089	1,116	-15002,551	-2498,998	-71,954	1,007	0,978	2,703	6,141	0,720	2,980	13,382	42,043	26,908	23,558	25,403	1,011	8,916	107,254	1000,695	-25,014	0,638	0,704	NaN	0,216	0,697	42,641
10:44:05,407	20,311	23,855	23,732	-24,926	23,962	0,500	25,080	23,877	22,779	22,901	23,052	-24,877	23,013	23,940	22,906	22,843	15,168	16,622	1,010	-0,043	8,966	-5,017	-3,987	-0,047	-4,993	8,655	1,686	1,498	1,098	1,282	1,094	1,052	1,086	1,116	-15002,364	-2499,760	-56,689	1,006	0,936	2,670	6,141	0,711	2,973	13,381	41,920	26,910	23,532	25,280	0,967	9,001	107,185	1003,901	-25,009	0,630	0,702	NaN	0,220	0,692	43,172
10:44:05,922	20,336	23,841	23,695	-24,951	23,891	0,498	25,017	23,911	22,814	22,958	23,053	-24,936	22,980	23,893	22,888	22,858	15,198	16,643	1,008	-0,047	8,976	-5,015	-3,992	-0,037	-4,989	8,655	1,657	1,521	1,098	1,278	1,090	1,051	1,104	1,098	-15001,813	-2499,038	-58,144	1,029	0,938	2,709	6,087	0,707	2,978	13,384	41,991	26,890	23,737	25,396	0,960	9,001	107,495	996,510	-25,010	0,640	0,703	NaN	0,218	0,694	43,547
10:44:06,422	20,307	23,894	23,635	-24,966	23,903	0,499	25,085	23,889	22,812	22,965	22,996	-24,910	22,965	23,858	22,877	22,822	15,198	16,631	1,012	-0,061	8,985	-5,017	-3,995	-0,074	-4,993	8,653	1,673	1,509	1,103	1,279	1,089	1,049	1,076	1,119	-15001,821	-2499,265	-78,710	1,035	0,870	2,713	6,155	0,688	2,957	13,390	41,931	26,931	23,663	25,236	0,960	9,062	107,201	1005,836	-25,010	0,641	0,698	NaN	0,219	0,694	44,063
10:44:06,922	20,321	23,844	23,683	-24,943	23,987	0,498	25,092	23,857	22,825	22,942	23,002	-24,951	22,973	23,867	22,974	22,846	15,220	16,593	1,014	-0,048	8,996	-5,016	-3,996	-0,001	-4,995	8,662	1,674	1,498	1,103	1,277	1,093	1,045	1,088	1,110	-15002,324	-2499,841	-69,624	1,022	0,910	2,699	6,115	0,698	2,976	13,440	41,961	26,949	23,501	25,442	0,995	8,962	107,013	999,652	-25,011	0,637	0,703	NaN	0,217	0,696	44,547
10:44:07,407	20,350	23,916	23,733	-24,963	23,902	0,498	25,137	23,878	22,827	22,984	23,017	-24,906	22,983	23,899	22,952	22,854	15,183	16,648	0,996	-0,052	9,002	-5,018	-3,992	-0,021	-4,992	8,660	1,666	1,504	1,088	1,289	1,088	1,055	1,081	1,105	-15000,614	-2499,415	-74,540	1,011	0,946	2,687	6,142	0,691	2,967	13,417	41,939	26,966	23,619	25,255	0,985	8,955	106,950	1004,020	-25,011	0,635	0,701	NaN	0,225	0,686	45,063
10:44:07,922	20,336	23,864	23,693	-24,981	23,909	0,499	25,031	23,898	22,788	22,936	22,994	-24,921	22,961	23,825	22,913	22,849	15,188	16,633	0,990	-0,051	9,004	-5,016	-3,992	0,065	-4,992	8,664	1,677	1,506	1,103	1,283	1,094	1,063	1,084	1,109	-15002,640	-2499,257	-81,777	1,018	0,995	2,804	6,136	0,707	2,949	13,400	41,932	26,867	23,638	25,541	1,002	8,962	106,625	998,353	-25,013	0,662	0,696	NaN	0,224	0,684	45,547
10:44:08,407	20,331	23,878	23,692	-24,946	23,948	0,500	25,173	23,879	22,805	22,941	23,017	-25,012	22,990	23,844	22,969	22,818	15,141	16,565	1,011	-0,039	8,985	-5,014	-3,989	-0,040	-4,992	8,658	1,664	1,506	1,112	1,286	1,097	1,060	1,093	1,109	-15001,959	-2499,999	-70,905	1,061	1,046	2,820	6,110	0,710	2,960	13,424	41,987	26,904	23,709	25,302	0,988	8,944	106,310	1004,308	-25,002	0,666	0,699	NaN	0,224	0,692	46,063
10:44:08,907	20,386	23,874	23,715	-24,929	23,941	0,499	25,100	23,832	22,790	22,937	23,017	-24,949	22,957	23,895	22,945	22,871	15,210	16,576	1,016	-0,052	8,961	-5,017	-3,992	0,057	-4,991	8,654	1,665	1,509	1,110	1,285	1,100	1,050	1,059	1,109	-15001,968	-2498,641	-59,481	1,021	0,909	2,779	6,237	0,722	2,967	13,417	41,973	26,953	23,640	25,254	0,994	8,968	106,302	996,806	-25,012	0,656	0,700	NaN	0,220	0,697	46,547
10:44:09,407	20,361	23,830	23,678	-24,956	24,037	0,499	25,134	23,898	22,820	22,960	23,031	-24,944	22,993	23,906	22,946	22,877	15,202	16,620	1,000	-0,047	8,976	-5,014	-3,994	-0,041	-4,994	8,665	1,670	1,513	1,087	1,286	1,095	1,057	1,071	1,121	-14999,819	-2498,807	-73,259	1,028	0,893	2,721	6,253	0,726	2,953	13,439	42,022	26,865	23,646	25,120	0,993	8,988	106,570	1005,346	-25,010	0,642	0,697	NaN	0,217	0,702	47,063
10:44:09,922	20,382	23,849	23,721	-24,936	23,861	0,499	25,087	23,900	22,794	22,918	22,995	-24,925	22,976	23,891	22,917	22,880	15,205	16,622	1,009	-0,047	8,947	-5,016	-3,993	0,052	-4,992	8,654	1,668	1,514	1,102	1,284	1,096	1,067	1,094	1,119	-15001,425	-2499,715	-74,560	1,036	0,929	2,634	6,210	0,715	2,944	13,414	42,003	26,945	23,602	25,355	1,016	8,983	106,466	997,286	-25,008	0,622	0,695	NaN	0,216	0,702	47,547
10:44:10,391	20,355	23,902	23,695	-24,942	23,915	0,498	25,109	23,922	22,858	22,949	22,986	-24,915	22,977	23,883	22,954	22,907	15,225	16,627	1,017	-0,051	8,977	-5,016	-3,992	-0,028	-4,995	8,659	1,684	1,503	1,095	1,289	1,073	1,061	1,092	1,111	-15000,015	-2499,342	-70,852	1,019	1,001	2,641	6,229	0,706	2,967	13,411	41,993	26,856	23,531	25,278	1,140	8,966	107,185	1004,596	-25,012	0,623	0,700	NaN	0,216	0,704	48,063
10:44:10,922	20,356	23,868	23,744	-24,974	23,992	0,500	24,937	23,876	22,850	22,978	23,042	-24,936	22,998	23,896	22,910	22,838	15,199	16,601	1,004	-0,045	8,974	-5,017	-3,994	-0,002	-4,995	8,661	1,663	1,511	1,089	1,285	1,088	1,058	1,076	1,118	-15001,465	-2500,157	-66,869	1,027	0,784	2,625	6,253	0,720	2,946	13,396	41,950	26,892	23,676	25,429	0,984	8,969	106,403	1000,530	-25,010	0,620	0,696	NaN	0,215	0,701	48,547
10:44:11,422	20,367	23,854	23,728	-24,984	23,918	0,498	25,194	23,919	22,795	22,941	23,029	-24,960	22,985	23,884	22,922	22,868	15,256	16,648	1,016	-0,060	8,984	-5,018	-3,994	-0,018	-4,991	8,658	1,665	1,492	1,114	1,267	1,097	1,052	1,099	1,114	-15002,113	-2499,375	-74,503	1,025	0,931	2,626	6,147	0,702	2,950	13,446	41,950	26,947	23,699	25,384	1,148	8,974	106,957	1001,851	-25,011	0,620	0,697	NaN	0,219	0,698	49,063
10:44:11,938	20,336	23,889	23,725	-24,994	23,898	0,497	25,049	23,892	22,815	22,943	23,020	-24,950	22,971	23,874	22,937	22,807	15,185	16,616	1,015	-0,052	8,983	-5,015	-3,993	-0,094	-4,992	8,662	1,676	1,514	1,104	1,282	1,097	1,051	1,066	1,116	-14999,099	-2499,521	-57,856	1,041	0,919	2,685	6,198	0,704	2,942	13,415	42,028	26,891	23,664	25,593	0,932	8,994	106,804	993,619	-25,004	0,634	0,695	NaN	0,219	0,696	49,563
10:44:12,407	20,295	23,862	23,702	-24,919	23,890	0,498	25,102	23,926	22,835	22,980	23,020	-24,878	22,985	23,847	22,909	22,801	15,207	16,648	1,016	-0,064	8,978	-5,014	-3,995	-0,010	-4,992	8,657	1,672	1,496	1,105	1,288	1,119	1,054	1,066	1,117	-15001,497	-2499,144	-52,353	1,003	0,950	2,706	6,187	0,700	2,942	13,384	41,990	26,932	23,527	25,456	1,004	8,982	106,960	1001,094	-25,011	0,639	0,695	NaN	0,222	0,690	50,078
10:44:12,922	20,314	23,894	23,694	-24,917	23,849	0,496	25,164	23,888	22,850	22,942	22,951	-24,921	23,001	23,894	22,897	22,810	15,201	16,614	1,011	-0,037	9,001	-5,016	-3,992	0,074	-4,993	8,656	1,659	1,498	1,109	1,283	1,082	1,054	1,089	1,104	-14999,981	-2500,271	-61,045	1,020	0,981	2,744	6,109	0,699	2,933	13,425	42,002	26,887	23,552	25,450	1,009	8,995	107,410	996,378	-25,009	0,648	0,693	NaN	0,220	0,691	50,547
10:44:13,407	20,321	23,924	23,728	-24,979	23,807	0,500	25,108	23,912	22,876	22,898	23,084	-24,928	22,990	23,893	22,947	22,821	15,212	16,621	1,015	-0,039	8,996	-5,016	-3,991	-0,014	-4,993	8,652	1,669	1,505	1,089	1,300	1,091	1,061	1,101	1,109	-15001,449	-2499,452	-65,309	1,026	0,976	2,718	6,091	0,711	2,928	13,410	41,950	26,887	23,666	25,494	0,993	8,965	107,202	997,968	-25,011	0,642	0,691	NaN	0,221	0,693	51,063
10:44:13,907	20,289	23,873	23,689	-24,944	23,876	0,499	25,035	23,936	22,862	22,974	23,007	-24,920	23,026	23,894	22,975	22,876	15,222	16,625	1,012	-0,057	8,991	-5,017	-3,994	0,118	-4,992	8,660	1,659	1,505	1,091	1,291	1,095	1,054	1,092	1,107	-15002,916	-2499,440	-75,788	1,010	0,964	2,720	6,141	0,722	2,934	13,477	41,970	26,885	23,647	25,557	0,954	8,985	106,476	994,001	-24,994	0,642	0,693	NaN	0,218	0,697	51,547
10:44:14,391	20,329	23,901	23,734	-25,011	23,902	0,500	25,218	23,888	22,861	22,990	23,015	-24,951	22,979	23,864	22,952	22,847	15,150	16,622	0,999	-0,047	8,990	-5,017	-3,995	-0,005	-4,990	8,661	1,674	1,497	1,106	1,268	1,106	1,065	1,076	1,103	-15002,057	-2500,007	-84,703	1,026	0,931	2,695	6,210	0,729	2,942	13,419	41,961	26,878	23,548	25,548	0,949	8,968	105,870	1004,171	-25,011	0,636	0,695	NaN	0,220	0,696	52,047
10:44:14,922	20,322	23,846	23,683	-24,946	23,974	0,499	25,061	23,897	22,866	22,970	22,983	-24,931	23,055	23,895	22,913	22,830	15,178	16,587	1,017	-0,038	8,980	-5,018	-3,991	-0,006	-4,995	8,668	1,665	1,511	1,102	1,281	1,092	1,066	1,069	1,096	-15001,125	-2500,644	-83,751	1,050	0,833	2,732	6,244	0,746	2,933	13,426	42,003	26,874	23,796	25,443	0,965	8,951	106,283	1004,254	-25,009	0,645	0,693	NaN	0,222	0,693	52,532
10:44:15,407	20,281	23,846	23,684	-24,955	23,871	0,500	25,053	23,905	22,867	22,953	23,055	-24,920	22,994	23,874	22,954	22,834	15,181	16,669	1,007	-0,048	8,980	-5,016	-3,994	-0,082	-4,993	8,657	1,664	1,510	1,090	1,283	1,099	1,059	1,090	1,121	-15001,708	-2499,367	-86,203	1,014	0,983	2,745	6,198	0,722	2,928	13,396	42,064	26,928	23,634	25,423	0,988	8,944	107,172	1000,231	-25,014	0,648	0,691	NaN	0,219	0,697	53,063
10:44:15,922	20,260	23,844	23,707	-24,945	23,897	0,498	25,068	23,900	22,847	22,929	23,025	-24,939	23,008	23,916	22,931	22,854	15,151	16,595	1,002	-0,061	8,973	-5,016	-3,996	-0,012	-4,993	8,673	1,668	1,523	1,092	1,275	1,104	1,050	1,091	1,115	-15002,688	-2498,900	-58,610	1,013	0,918	2,702	6,202	0,713	2,922	13,414	41,935	26,907	23,679	25,433	1,006	9,012	106,564	1003,909	-25,016	0,638	0,690	NaN	0,219	0,697	53,547
10:44:16,407	20,353	23,851	23,681	-24,941	23,880	0,498	25,036	23,852	22,856	22,937	23,040	-24,936	22,977	23,871	22,949	22,899	15,180	16,621	1,012	-0,038	8,981	-5,017	-3,991	-0,036	-4,990	8,663	1,675	1,503	1,111	1,284	1,109	1,063	1,096	1,109	-15000,979	-2498,543	-46,688	1,025	0,847	2,694	6,192	0,709	2,913	13,402	42,035	26,914	23,690	25,392	1,042	9,014	107,562	1000,199	-25,009	0,636	0,688	NaN	0,218	0,697	54,063
10:44:16,922	20,278	23,891	23,703	-24,972	23,893	0,498	25,111	23,881	22,800	22,949	23,025	-24,888	23,041	23,902	22,986	22,875	15,231	16,622	1,016	-0,057	9,001	-5,016	-3,993	0,051	-4,992	8,652	1,657	1,514	1,095	1,267	1,099	1,068	1,097	1,114	-15002,381	-2499,955	-64,907	1,049	0,910	2,690	6,198	0,720	2,918	13,394	41,958	26,899	23,698	25,526	0,990	9,009	106,526	1004,402	-25,005	0,635	0,689	NaN	0,217	0,703	54,547
10:44:17,391	20,328	23,859	23,673	-24,956	23,788	0,497	24,971	23,907	22,806	22,957	23,025	-24,931	22,970	23,892	22,962	22,848	15,198	16,621	0,996	-0,030	8,993	-5,016	-3,989	0,047	-4,992	8,657	1,658	1,516	1,098	1,265	1,118	1,061	1,083	1,117	-15000,371	-2499,744	-72,056	0,993	0,893	2,630	6,237	0,729	2,915	13,377	42,063	26,922	23,492	25,438	0,970	8,968	107,290	995,755	-25,010	0,621	0,688	NaN	0,220	0,696	55,063
10:44:17,907	20,361	23,875	23,701	-24,975	23,894	0,500	25,078	23,921	22,820	23,033	23,031	-24,882	23,063	23,882	23,007	22,895	15,174	16,644	1,016	-0,046	8,989	-5,015	-3,992	-0,005	-4,992	8,654	1,640	1,511	1,095	1,283	1,085	1,063	1,091	1,118	-15000,760	-2498,908	-78,353	1,011	0,915	2,709	6,204	0,737	2,912	13,398	41,996	26,920	23,803	25,452	1,000	8,937	106,927	1000,662	-25,012	0,640	0,688	NaN	0,220	0,697	55,532
10:44:18,407	20,310	23,873	23,728	-24,952	23,840	0,500	25,062	23,886	22,788	23,001	23,023	-24,927	22,979	23,852	22,975	22,881	15,190	16,619	0,991	-0,042	8,984	-5,018	-3,992	-0,055	-4,994	8,669	1,680	1,508	1,089	1,284	1,084	1,055	1,100	1,093	-14999,755	-2499,488	-86,028	1,019	0,959	2,688	6,178	0,723	2,923	13,367	41,972	26,915	23,696	25,336	0,975	8,955	106,117	994,602	-25,012	0,635	0,690	NaN	0,219	0,697	56,047
10:44:18,938	20,365	23,890	23,696	-24,929	23,943	0,498	25,127	23,877	22,820	22,976	23,033	-24,918	22,964	23,897	23,033	22,943	15,188	16,601	1,012	-0,055	8,975	-5,017	-3,995	-0,017	-4,993	8,658	1,651	1,530	1,093	1,280	1,105	1,057	1,085	1,105	-15000,914	-2499,796	-76,866	1,042	0,990	2,705	6,218	0,742	2,911	13,403	41,971	26,887	23,664	25,604	0,991	8,964	106,351	1002,718	-25,009	0,639	0,687	NaN	0,219	0,700	56,547
10:44:19,422	20,287	23,892	23,693	-24,955	23,843	0,499	25,102	23,922	22,805	23,029	22,996	-24,996	22,966	23,905	23,097	22,940	15,192	16,614	1,009	-0,053	8,971	-5,015	-3,993	0,003	-4,993	8,655	1,651	1,508	1,092	1,279	1,092	1,063	1,069	1,128	-15001,173	-2499,529	-63,238	1,028	0,798	2,684	6,264	0,719	2,908	13,423	42,001	26,865	23,622	25,442	0,972	9,015	106,116	999,946	-25,006	0,634	0,687	NaN	0,223	0,692	57,078
10:44:19,922	20,408	23,878	23,740	-24,973	23,986	0,498	25,121	23,897	22,810	22,993	23,059	-24,865	22,945	23,979	23,045	22,894	15,194	16,686	1,012	-0,048	8,978	-5,016	-3,990	0,005	-4,993	8,664	1,670	1,495	1,092	1,285	1,096	1,037	1,078	1,109	-15002,737	-2500,255	-64,077	1,032	0,831	2,776	6,231	0,721	2,908	13,393	42,047	26,932	23,748	25,491	0,997	8,885	106,175	1003,872	-25,018	0,655	0,687	NaN	0,222	0,695	57,563
10:44:20,407	20,362	23,855	23,735	-24,983	23,933	0,499	25,004	23,878	22,761	23,043	23,005	-24,902	22,976	23,839	23,032	22,894	15,204	16,610	1,023	-0,046	8,968	-5,017	-3,989	-0,039	-4,993	8,663	1,667	1,493	1,092	1,284	1,097	1,051	1,065	1,101	-14999,909	-2498,256	-74,301	1,010	0,902	2,750	6,270	0,719	2,907	13,422	42,033	26,911	23,669	25,423	0,982	8,960	106,715	999,644	-25,008	0,649	0,686	NaN	0,218	0,696	58,063
10:44:20,938	20,414	23,816	23,738	-24,960	23,981	0,498	25,069	23,872	22,725	23,005	23,022	-24,844	22,929	23,853	23,017	22,926	15,220	16,635	1,006	-0,039	8,976	-5,019	-3,994	0,007	-4,994	8,655	1,672	1,492	1,106	1,276	1,102	1,050	1,092	1,103	-15000,971	-2498,840	-71,124	1,037	0,974	2,702	6,191	0,721	2,898	13,448	41,992	26,862	23,675	25,398	0,915	8,981	106,713	1005,690	-25,010	0,638	0,684	NaN	0,220	0,696	58,547
10:44:21,438	20,390	23,884	23,720	-24,956	23,893	0,498	25,122	23,843	22,765	22,991	23,081	-24,920	22,932	23,874	22,983	22,907	15,249	16,640	0,994	-0,048	8,970	-5,016	-3,989	0,036	-4,991	8,656	1,665	1,505	1,098	1,285	1,097	1,067	1,093	1,084	-15000,185	-2499,119	-74,901	1,051	0,964	2,698	6,181	0,703	2,899	13,401	41,931	26,929	23,640	25,487	1,002	8,977	106,656	997,871	-25,012	0,637	0,684	NaN	0,216	0,699	59,063
10:44:21,813	20,408	23,888	23,730	-25,012	23,957	0,500	25,026	23,879	22,802	23,020	23,026	-24,935	22,974	23,916	22,958	23,010	15,193	16,600	1,009	-0,050	8,972	-5,016	-3,993	0,094	-4,993	8,654	1,667	1,495	1,099	1,282	1,098	1,059	1,100	1,090	-15001,473	-2499,273	-74,102	1,005	0,974	2,650	6,161	0,714	2,903	13,375	42,019	26,871	23,664	25,465	0,966	9,035	107,105	1005,082	-25,006	0,626	0,685	NaN	0,220	0,697	59,578
10:44:22,297	20,409	23,906	23,706	-24,983	23,966	0,497	25,076	23,889	22,828	23,023	23,055	-24,946	23,005	23,930	23,020	22,913	15,192	16,614	1,012	-0,056	8,988	-5,016	-3,991	0,067	-4,998	8,657	1,672	1,493	1,108	1,308	1,089	1,052	1,085	1,110	-14999,187	-2499,784	-69,442	1,032	1,005	2,690	6,202	0,694	2,902	13,451	41,972	26,878	23,946	25,498	0,996	8,972	106,897	996,143	-25,011	0,635	0,685	NaN	0,216	0,700	59,953
10:44:22,828	20,459	23,869	23,711	-24,972	23,906	0,498	25,064	23,868	22,779	23,044	23,039	-24,932	22,956	23,925	23,008	22,966	15,155	16,609	1,009	-0,042	8,988	-5,016	-3,992	0,032	-4,992	8,671	1,655	1,512	1,109	1,270	1,091	1,055	1,091	1,098	-15001,976	-2500,234	-67,193	1,006	0,925	2,652	6,184	0,696	2,904	13,424	42,086	26,882	23,830	25,411	0,968	8,987	106,561	1003,101	-25,016	0,626	0,686	NaN	0,222	0,692	60,438
